1649675888 2686.0
1649675889 2686.0
1649675890 2686.0
1649675891 2686.0
1649675892 2686.0
1649675893 2686.0
1649675894 2686.0
1649675895 2686.0
1649675896 2686.0
1649675897 2686.0
1649675898 2686.0
1649675899 2686.0
1649675900 2686.0
1649675901 2686.0
1649675902 2686.0
1649675903 2686.0
1649675904 2686.0
1649675905 2686.0
1649675906 2686.0
1649675907 2686.0
1649675908 2686.0
1649675909 2686.0
1649675910 2686.0
1649675911 2686.0
1649675912 2686.0
1649675913 2686.0
1649675914 2686.0
1649675915 2686.0
1649675916 2686.0
1649675917 2686.0
1649675918 2686.0
1649675919 2686.0
1649675920 2686.0
1649675921 2686.0
1649675922 2686.0
1649675923 2686.0
1649675924 2686.0
1649675925 2686.0
1649675926 2686.0
1649675927 2686.0
1649675928 2686.0
1649675929 2686.0
1649675930 2686.0
1649675931 2686.0
1649675932 2686.0
1649675933 2686.0
1649675934 2686.0
1649675935 2686.0
1649675936 2686.0
1649675937 2686.0
1649675938 2686.0
1649675939 2686.0
1649675940 2686.0
1649675941 2686.0
1649675942 2686.0
1649675943 2686.0
1649675944 2686.0
1649675945 2686.0
1649675946 2686.0
1649675947 2686.0
1649675948 2686.0
1649675949 2686.0
1649675950 2686.0
1649675951 2686.0
1649675952 2686.0
1649675953 2686.0
1649675954 2686.0
1649675955 2686.0
1649675956 2686.0
1649675957 2686.0
1649675958 2686.0
1649675959 2686.0
1649675960 2686.0
1649675961 2686.0
1649675962 2686.0
1649675963 2686.0
1649675964 2686.0
1649675965 2686.0
1649675966 2686.0
1649675967 2686.0
1649675968 2686.0
1649675969 2686.0
1649675970 2686.0
1649675971 2686.0
1649675972 2686.0
1649675973 2686.0
1649675974 2686.0
1649675975 2686.0
1649675976 2686.0
1649675977 2686.0
1649675978 2686.0
1649675979 2686.0
1649675980 2686.0
1649675981 2686.0
1649675982 2686.0
1649675983 2686.0
1649675984 2686.0
1649675985 2686.0
1649675986 2686.0
1649675987 2686.0
1649675988 2686.0
1649675989 2686.0
1649675990 2686.0
1649675991 2686.0
1649675992 2686.0
1649675993 2686.0
1649675994 2686.0
1649675995 2686.0
1649675996 2686.0
1649675997 2686.0
1649675998 2686.0
1649675999 2686.0
1649676000 2686.0
1649676001 2686.0
1649676002 2686.0
1649676003 2686.0
1649676004 2686.0
1649676005 2686.0
1649676006 None
1649676007 None
