1650018593 234.0
1650018594 234.0
1650018595 234.0
1650018596 234.0
1650018597 234.0
1650018598 234.0
1650018599 234.0
1650018600 234.0
1650018601 234.0
1650018602 234.0
1650018603 234.0
1650018604 234.0
1650018605 234.0
1650018606 234.0
1650018607 234.0
1650018608 234.0
1650018609 234.0
1650018610 234.0
1650018611 234.0
1650018612 234.0
1650018613 234.0
1650018614 234.0
1650018615 234.0
1650018616 234.0
1650018617 234.0
1650018618 234.0
1650018619 234.0
1650018620 234.0
1650018621 234.0
1650018622 234.0
1650018623 234.0
1650018624 234.0
1650018625 234.0
1650018626 234.0
1650018627 234.0
1650018628 234.0
1650018629 234.0
1650018630 234.0
1650018631 234.0
1650018632 234.0
1650018633 234.0
1650018634 234.0
1650018635 234.0
1650018636 234.0
1650018637 234.0
1650018638 234.0
1650018639 234.0
1650018640 234.0
1650018641 234.0
1650018642 234.0
1650018643 234.0
1650018644 234.0
1650018645 234.0
1650018646 234.0
1650018647 234.0
1650018648 234.0
1650018649 234.0
1650018650 234.0
1650018651 234.0
1650018652 234.0
1650018653 234.0
1650018654 234.0
1650018655 234.0
1650018656 234.0
1650018657 234.0
1650018658 234.0
1650018659 234.0
1650018660 234.0
1650018661 234.0
1650018662 234.0
1650018663 234.0
1650018664 234.0
1650018665 234.0
1650018666 234.0
1650018667 234.0
1650018668 234.0
1650018669 234.0
1650018670 234.0
1650018671 234.0
1650018672 234.0
1650018673 234.0
1650018674 234.0
1650018675 234.0
1650018676 234.0
1650018677 234.0
1650018678 234.0
1650018679 234.0
1650018680 234.0
1650018681 234.0
1650018682 234.0
1650018683 234.0
1650018684 234.0
1650018685 234.0
1650018686 234.0
1650018687 234.0
1650018688 234.0
1650018689 234.0
1650018690 234.0
1650018691 234.0
1650018692 234.0
1650018693 234.0
1650018694 234.0
1650018695 234.0
1650018696 234.0
1650018697 234.0
1650018698 234.0
1650018699 234.0
1650018700 234.0
1650018701 234.0
1650018702 234.0
1650018703 234.0
1650018704 234.0
1650018705 234.0
1650018706 234.0
1650018707 234.0
1650018708 234.0
1650018709 234.0
1650018710 234.0
1650018711 None
1650018712 None
