1650018594 1513.0
1650018595 1513.0
1650018596 1513.0
1650018597 1513.0
1650018598 1513.0
1650018599 1513.0
1650018600 1513.0
1650018601 1513.0
1650018602 1513.0
1650018603 1513.0
1650018604 1513.0
1650018605 1513.0
1650018606 1513.0
1650018607 1513.0
1650018608 1513.0
1650018609 1513.0
1650018610 1513.0
1650018611 1513.0
1650018612 1513.0
1650018613 1513.0
1650018614 1513.0
1650018615 1513.0
1650018616 1513.0
1650018617 1513.0
1650018618 1513.0
1650018619 1513.0
1650018620 1513.0
1650018621 1513.0
1650018622 1513.0
1650018623 1513.0
1650018624 1513.0
1650018625 1513.0
1650018626 1513.0
1650018627 1513.0
1650018628 1513.0
1650018629 1513.0
1650018630 1513.0
1650018631 1513.0
1650018632 1513.0
1650018633 1513.0
1650018634 1513.0
1650018635 1513.0
1650018636 1513.0
1650018637 1513.0
1650018638 1513.0
1650018639 1513.0
1650018640 1513.0
1650018641 1513.0
1650018642 1513.0
1650018643 1513.0
1650018644 1513.0
1650018645 1513.0
1650018646 1513.0
1650018647 1513.0
1650018648 1513.0
1650018649 1513.0
1650018650 1513.0
1650018651 1513.0
1650018652 1513.0
1650018653 1513.0
1650018654 1513.0
1650018655 1513.0
1650018656 1513.0
1650018657 1513.0
1650018658 1513.0
1650018659 1513.0
1650018660 1513.0
1650018661 1513.0
1650018662 1513.0
1650018663 1513.0
1650018664 1513.0
1650018665 1513.0
1650018666 1513.0
1650018667 1513.0
1650018668 1513.0
1650018669 1513.0
1650018670 1513.0
1650018671 1513.0
1650018672 1513.0
1650018673 1513.0
1650018674 1513.0
1650018675 1513.0
1650018676 1513.0
1650018677 1513.0
1650018678 1513.0
1650018679 1513.0
1650018680 1513.0
1650018681 1513.0
1650018682 1513.0
1650018683 1513.0
1650018684 1513.0
1650018685 1513.0
1650018686 1513.0
1650018687 1513.0
1650018688 1513.0
1650018689 1513.0
1650018690 1513.0
1650018691 1513.0
1650018692 1513.0
1650018693 1513.0
1650018694 1513.0
1650018695 1513.0
1650018696 1513.0
1650018697 1513.0
1650018698 1513.0
1650018699 1513.0
1650018700 1513.0
1650018701 1513.0
1650018702 1513.0
1650018703 1513.0
1650018704 1513.0
1650018705 1513.0
1650018706 1513.0
1650018707 1513.0
1650018708 1513.0
1650018709 1513.0
1650018710 1513.0
1650018711 None
1650018712 None
1650018713 None
