1649758282 39.0
1649758283 39.0
1649758284 39.0
1649758285 39.0
1649758286 39.0
1649758287 39.0
1649758288 39.0
1649758289 39.0
1649758290 39.0
1649758291 39.0
1649758292 39.0
1649758293 39.0
1649758294 39.0
1649758295 39.0
1649758296 39.0
1649758297 39.0
1649758298 39.0
1649758299 39.0
1649758300 39.0
1649758301 39.0
1649758302 39.0
1649758303 39.0
1649758304 39.0
1649758305 39.0
1649758306 39.0
1649758307 39.0
1649758308 39.0
1649758309 39.0
1649758310 39.0
1649758311 39.0
1649758312 39.0
1649758313 39.0
1649758314 39.0
1649758315 39.0
1649758316 39.0
1649758317 39.0
1649758318 39.0
1649758319 39.0
1649758320 39.0
1649758321 39.0
1649758322 39.0
1649758323 39.0
1649758324 39.0
1649758325 39.0
1649758326 39.0
1649758327 39.0
1649758328 39.0
1649758329 39.0
1649758330 39.0
1649758331 39.0
1649758332 39.0
1649758333 39.0
1649758334 39.0
1649758335 39.0
1649758336 39.0
1649758337 39.0
1649758338 39.0
1649758339 39.0
1649758340 39.0
1649758341 39.0
1649758342 39.0
1649758343 39.0
1649758344 39.0
1649758345 39.0
1649758346 39.0
1649758347 39.0
1649758348 39.0
1649758349 39.0
1649758350 39.0
1649758351 39.0
1649758352 39.0
1649758353 39.0
1649758354 39.0
1649758355 39.0
1649758356 39.0
1649758357 39.0
1649758358 39.0
1649758359 39.0
1649758360 39.0
1649758361 39.0
1649758362 39.0
1649758363 39.0
1649758364 39.0
1649758365 39.0
1649758366 39.0
1649758367 39.0
1649758368 39.0
1649758369 39.0
1649758370 39.0
1649758371 39.0
1649758372 39.0
1649758373 39.0
1649758374 39.0
1649758375 39.0
1649758376 39.0
1649758377 39.0
1649758378 39.0
1649758379 39.0
1649758380 39.0
1649758381 39.0
1649758382 39.0
1649758383 39.0
1649758384 39.0
1649758385 39.0
1649758386 39.0
1649758387 39.0
1649758388 39.0
1649758389 39.0
1649758390 39.0
1649758391 39.0
1649758392 39.0
1649758393 39.0
1649758394 39.0
1649758395 39.0
1649758396 39.0
1649758397 39.0
1649758398 39.0
1649758399 39.0
1649758400 39.0
1649758401 None
