1649354274 41.0
1649354275 41.0
1649354276 49.0
1649354277 57.0
1649354278 62.0
1649354279 62.0
1649354280 68.0
1649354281 78.0
1649354282 87.0
1649354283 87.0
1649354284 96.0
1649354285 103.0
1649354286 110.0
1649354287 110.0
1649354288 112.0
1649354289 116.0
1649354290 116.0
1649354291 125.0
1649354292 133.0
1649354293 139.0
1649354294 139.0
1649354295 143.0
1649354296 151.0
1649354297 158.0
1649354298 158.0
1649354299 162.0
1649354300 169.0
1649354301 175.0
1649354302 175.0
1649354303 180.0
1649354304 187.0
1649354305 187.0
1649354306 192.0
1649354307 198.0
1649354308 205.0
1649354309 205.0
1649354310 211.0
1649354311 220.0
1649354312 226.0
1649354313 226.0
1649354314 232.0
1649354315 239.0
1649354316 244.0
1649354317 244.0
1649354318 251.0
1649354319 255.0
1649354320 255.0
1649354321 262.0
1649354322 267.0
1649354323 274.0
1649354324 274.0
1649354325 279.0
1649354326 288.0
1649354327 293.0
1649354328 293.0
1649354329 298.0
1649354330 304.0
1649354331 312.0
1649354332 312.0
1649354333 320.0
1649354334 333.0
1649354335 341.0
1649354336 341.0
1649354337 346.0
1649354338 356.0
1649354339 356.0
1649354340 361.0
1649354341 367.0
1649354342 373.0
1649354343 373.0
1649354344 379.0
1649354345 387.0
1649354346 396.0
1649354347 396.0
1649354348 404.0
1649354349 412.0
1649354350 420.0
1649354351 420.0
1649354352 429.0
1649354353 435.0
1649354354 435.0
1649354355 440.0
1649354356 447.0
1649354357 451.0
1649354358 451.0
1649354359 458.0
1649354360 465.0
1649354361 472.0
1649354362 472.0
1649354363 481.0
1649354364 487.0
1649354365 496.0
1649354366 496.0
1649354367 503.0
1649354368 510.0
1649354369 517.0
1649354370 517.0
1649354371 527.0
1649354372 533.0
1649354373 533.0
1649354374 540.0
1649354375 549.0
1649354376 560.0
1649354377 560.0
1649354378 566.0
1649354379 575.0
1649354380 582.0
1649354381 582.0
1649354382 590.0
1649354383 595.0
1649354384 600.0
1649354385 600.0
1649354386 606.0
1649354387 615.0
1649354388 619.0
1649354389 619.0
1649354390 628.0
1649354391 631.0
1649354392 631.0
1649354393 None
