1649758283 1318.0
1649758284 1318.0
1649758285 1318.0
1649758286 1318.0
1649758287 1318.0
1649758288 1318.0
1649758289 1318.0
1649758290 1318.0
1649758291 1318.0
1649758292 1318.0
1649758293 1318.0
1649758294 1318.0
1649758295 1318.0
1649758296 1318.0
1649758297 1318.0
1649758298 1318.0
1649758299 1318.0
1649758300 1318.0
1649758301 1318.0
1649758302 1318.0
1649758303 1318.0
1649758304 1318.0
1649758305 1318.0
1649758306 1318.0
1649758307 1318.0
1649758308 1318.0
1649758309 1318.0
1649758310 1318.0
1649758311 1318.0
1649758312 1318.0
1649758313 1318.0
1649758314 1318.0
1649758315 1318.0
1649758316 1318.0
1649758317 1318.0
1649758318 1318.0
1649758319 1318.0
1649758320 1318.0
1649758321 1318.0
1649758322 1318.0
1649758323 1318.0
1649758324 1318.0
1649758325 1318.0
1649758326 1318.0
1649758327 1318.0
1649758328 1318.0
1649758329 1318.0
1649758330 1318.0
1649758331 1318.0
1649758332 1318.0
1649758333 1318.0
1649758334 1318.0
1649758335 1318.0
1649758336 1318.0
1649758337 1318.0
1649758338 1318.0
1649758339 1318.0
1649758340 1318.0
1649758341 1318.0
1649758342 1318.0
1649758343 1318.0
1649758344 1318.0
1649758345 1318.0
1649758346 1318.0
1649758347 1318.0
1649758348 1318.0
1649758349 1318.0
1649758350 1318.0
1649758351 1318.0
1649758352 1318.0
1649758353 1318.0
1649758354 1318.0
1649758355 1318.0
1649758356 1318.0
1649758357 1318.0
1649758358 1318.0
1649758359 1318.0
1649758360 1318.0
1649758361 1318.0
1649758362 1318.0
1649758363 1318.0
1649758364 1318.0
1649758365 1318.0
1649758366 1318.0
1649758367 1318.0
1649758368 1318.0
1649758369 1318.0
1649758370 1318.0
1649758371 1318.0
1649758372 1318.0
1649758373 1318.0
1649758374 1318.0
1649758375 1318.0
1649758376 1318.0
1649758377 1318.0
1649758378 1318.0
1649758379 1318.0
1649758380 1318.0
1649758381 1318.0
1649758382 1318.0
1649758383 1318.0
1649758384 1318.0
1649758385 1318.0
1649758386 1318.0
1649758387 1318.0
1649758388 1318.0
1649758389 1318.0
1649758390 1318.0
1649758391 1318.0
1649758392 1318.0
1649758393 1318.0
1649758394 1318.0
1649758395 1318.0
1649758396 1318.0
1649758397 1318.0
1649758398 1318.0
1649758399 1318.0
1649758400 1318.0
1649758401 None
1649758402 None
