1650018593 902.0
1650018594 902.0
1650018595 902.0
1650018596 902.0
1650018597 902.0
1650018598 902.0
1650018599 902.0
1650018600 902.0
1650018601 902.0
1650018602 902.0
1650018603 902.0
1650018604 902.0
1650018605 902.0
1650018606 902.0
1650018607 902.0
1650018608 902.0
1650018609 902.0
1650018610 902.0
1650018611 902.0
1650018612 902.0
1650018613 902.0
1650018614 902.0
1650018615 902.0
1650018616 902.0
1650018617 902.0
1650018618 902.0
1650018619 902.0
1650018620 902.0
1650018621 902.0
1650018622 902.0
1650018623 902.0
1650018624 902.0
1650018625 902.0
1650018626 902.0
1650018627 902.0
1650018628 902.0
1650018629 902.0
1650018630 902.0
1650018631 902.0
1650018632 902.0
1650018633 902.0
1650018634 902.0
1650018635 902.0
1650018636 902.0
1650018637 902.0
1650018638 902.0
1650018639 902.0
1650018640 902.0
1650018641 902.0
1650018642 902.0
1650018643 902.0
1650018644 902.0
1650018645 902.0
1650018646 902.0
1650018647 902.0
1650018648 902.0
1650018649 902.0
1650018650 902.0
1650018651 902.0
1650018652 902.0
1650018653 902.0
1650018654 902.0
1650018655 902.0
1650018656 902.0
1650018657 902.0
1650018658 902.0
1650018659 902.0
1650018660 902.0
1650018661 902.0
1650018662 902.0
1650018663 902.0
1650018664 902.0
1650018665 902.0
1650018666 902.0
1650018667 902.0
1650018668 902.0
1650018669 902.0
1650018670 902.0
1650018671 902.0
1650018672 902.0
1650018673 902.0
1650018674 902.0
1650018675 902.0
1650018676 902.0
1650018677 902.0
1650018678 902.0
1650018679 902.0
1650018680 902.0
1650018681 902.0
1650018682 902.0
1650018683 902.0
1650018684 902.0
1650018685 902.0
1650018686 902.0
1650018687 902.0
1650018688 902.0
1650018689 902.0
1650018690 902.0
1650018691 902.0
1650018692 902.0
1650018693 902.0
1650018694 902.0
1650018695 902.0
1650018696 902.0
1650018697 902.0
1650018698 902.0
1650018699 902.0
1650018700 902.0
1650018701 902.0
1650018702 902.0
1650018703 902.0
1650018704 902.0
1650018705 902.0
1650018706 902.0
1650018707 902.0
1650018708 902.0
1650018709 902.0
1650018710 902.0
1650018711 None
1650018712 None
