1649354275 3026.0
1649354276 3026.0
1649354277 3026.0
1649354278 3026.0
1649354279 3026.0
1649354280 3026.0
1649354281 3026.0
1649354282 3026.0
1649354283 3026.0
1649354284 3026.0
1649354285 3026.0
1649354286 3026.0
1649354287 3026.0
1649354288 3026.0
1649354289 3026.0
1649354290 3026.0
1649354291 3026.0
1649354292 3026.0
1649354293 3026.0
1649354294 3026.0
1649354295 3026.0
1649354296 3026.0
1649354297 3026.0
1649354298 3026.0
1649354299 3026.0
1649354300 3026.0
1649354301 3026.0
1649354302 3026.0
1649354303 3026.0
1649354304 3026.0
1649354305 3026.0
1649354306 3026.0
1649354307 3026.0
1649354308 3026.0
1649354309 3026.0
1649354310 3026.0
1649354311 3026.0
1649354312 3026.0
1649354313 3026.0
1649354314 3026.0
1649354315 3026.0
1649354316 3026.0
1649354317 3026.0
1649354318 3026.0
1649354319 3026.0
1649354320 3026.0
1649354321 3026.0
1649354322 3026.0
1649354323 3026.0
1649354324 3026.0
1649354325 3026.0
1649354326 3026.0
1649354327 3026.0
1649354328 3026.0
1649354329 3026.0
1649354330 3026.0
1649354331 3026.0
1649354332 3026.0
1649354333 3026.0
1649354334 3026.0
1649354335 3026.0
1649354336 3026.0
1649354337 3026.0
1649354338 3026.0
1649354339 3026.0
1649354340 3026.0
1649354341 3026.0
1649354342 3026.0
1649354343 3026.0
1649354344 3026.0
1649354345 3026.0
1649354346 3026.0
1649354347 3026.0
1649354348 3026.0
1649354349 3026.0
1649354350 3026.0
1649354351 3026.0
1649354352 3026.0
1649354353 3026.0
1649354354 3026.0
1649354355 3026.0
1649354356 3026.0
1649354357 3026.0
1649354358 3026.0
1649354359 3026.0
1649354360 3026.0
1649354361 3026.0
1649354362 3026.0
1649354363 3026.0
1649354364 3026.0
1649354365 3026.0
1649354366 3026.0
1649354367 3026.0
1649354368 3026.0
1649354369 3026.0
1649354370 3026.0
1649354371 3026.0
1649354372 3026.0
1649354373 3026.0
1649354374 3026.0
1649354375 3026.0
1649354376 3026.0
1649354377 3026.0
1649354378 3026.0
1649354379 3026.0
1649354380 3026.0
1649354381 3026.0
1649354382 3026.0
1649354383 3026.0
1649354384 3026.0
1649354385 3026.0
1649354386 3026.0
1649354387 3026.0
1649354388 3026.0
1649354389 3026.0
1649354390 3026.0
1649354391 3026.0
1649354392 3026.0
1649354393 None
1649354394 None
