1649758283 5797.0
1649758284 5797.0
1649758285 5797.0
1649758286 5797.0
1649758287 5797.0
1649758288 5797.0
1649758289 5797.0
1649758290 5797.0
1649758291 5797.0
1649758292 5797.0
1649758293 5797.0
1649758294 5797.0
1649758295 5797.0
1649758296 5797.0
1649758297 5797.0
1649758298 5797.0
1649758299 5797.0
1649758300 5797.0
1649758301 5797.0
1649758302 5797.0
1649758303 5797.0
1649758304 5797.0
1649758305 5797.0
1649758306 5797.0
1649758307 5797.0
1649758308 5797.0
1649758309 5797.0
1649758310 5797.0
1649758311 5797.0
1649758312 5797.0
1649758313 5797.0
1649758314 5797.0
1649758315 5797.0
1649758316 5797.0
1649758317 5797.0
1649758318 5797.0
1649758319 5797.0
1649758320 5797.0
1649758321 5797.0
1649758322 5797.0
1649758323 5797.0
1649758324 5797.0
1649758325 5797.0
1649758326 5797.0
1649758327 5797.0
1649758328 5797.0
1649758329 5797.0
1649758330 5797.0
1649758331 5797.0
1649758332 5797.0
1649758333 5797.0
1649758334 5797.0
1649758335 5797.0
1649758336 5797.0
1649758337 5797.0
1649758338 5797.0
1649758339 5797.0
1649758340 5797.0
1649758341 5797.0
1649758342 5797.0
1649758343 5797.0
1649758344 5797.0
1649758345 5797.0
1649758346 5797.0
1649758347 5797.0
1649758348 5797.0
1649758349 5797.0
1649758350 5797.0
1649758351 5797.0
1649758352 5797.0
1649758353 5797.0
1649758354 5797.0
1649758355 5797.0
1649758356 5797.0
1649758357 5797.0
1649758358 5797.0
1649758359 5797.0
1649758360 5797.0
1649758361 5797.0
1649758362 5797.0
1649758363 5797.0
1649758364 5797.0
1649758365 5797.0
1649758366 5797.0
1649758367 5797.0
1649758368 5797.0
1649758369 5797.0
1649758370 5797.0
1649758371 5797.0
1649758372 5797.0
1649758373 5797.0
1649758374 5797.0
1649758375 5797.0
1649758376 5797.0
1649758377 5797.0
1649758378 5797.0
1649758379 5797.0
1649758380 5797.0
1649758381 5797.0
1649758382 5797.0
1649758383 5797.0
1649758384 5797.0
1649758385 5797.0
1649758386 5797.0
1649758387 5797.0
1649758388 5797.0
1649758389 5797.0
1649758390 5797.0
1649758391 5797.0
1649758392 5797.0
1649758393 5797.0
1649758394 5797.0
1649758395 5797.0
1649758396 5797.0
1649758397 5797.0
1649758398 5797.0
1649758399 5797.0
1649758400 5797.0
1649758401 None
1649758402 None
