1649354274 1103.0
1649354275 1103.0
1649354276 1103.0
1649354277 1103.0
1649354278 1103.0
1649354279 1103.0
1649354280 1103.0
1649354281 1103.0
1649354282 1103.0
1649354283 1103.0
1649354284 1103.0
1649354285 1103.0
1649354286 1103.0
1649354287 1103.0
1649354288 1103.0
1649354289 1103.0
1649354290 1103.0
1649354291 1103.0
1649354292 1103.0
1649354293 1103.0
1649354294 1103.0
1649354295 1103.0
1649354296 1103.0
1649354297 1103.0
1649354298 1103.0
1649354299 1103.0
1649354300 1103.0
1649354301 1103.0
1649354302 1103.0
1649354303 1103.0
1649354304 1103.0
1649354305 1103.0
1649354306 1103.0
1649354307 1103.0
1649354308 1103.0
1649354309 1103.0
1649354310 1103.0
1649354311 1103.0
1649354312 1103.0
1649354313 1103.0
1649354314 1103.0
1649354315 1103.0
1649354316 1103.0
1649354317 1103.0
1649354318 1103.0
1649354319 1103.0
1649354320 1103.0
1649354321 1103.0
1649354322 1103.0
1649354323 1103.0
1649354324 1103.0
1649354325 1103.0
1649354326 1103.0
1649354327 1103.0
1649354328 1103.0
1649354329 1103.0
1649354330 1103.0
1649354331 1103.0
1649354332 1103.0
1649354333 1103.0
1649354334 1103.0
1649354335 1103.0
1649354336 1103.0
1649354337 1103.0
1649354338 1103.0
1649354339 1103.0
1649354340 1103.0
1649354341 1103.0
1649354342 1103.0
1649354343 1103.0
1649354344 1103.0
1649354345 1103.0
1649354346 1103.0
1649354347 1103.0
1649354348 1103.0
1649354349 1103.0
1649354350 1103.0
1649354351 1103.0
1649354352 1103.0
1649354353 1103.0
1649354354 1103.0
1649354355 1103.0
1649354356 1103.0
1649354357 1103.0
1649354358 1103.0
1649354359 1103.0
1649354360 1103.0
1649354361 1103.0
1649354362 1103.0
1649354363 1103.0
1649354364 1103.0
1649354365 1103.0
1649354366 1103.0
1649354367 1103.0
1649354368 1103.0
1649354369 1103.0
1649354370 1103.0
1649354371 1103.0
1649354372 1103.0
1649354373 1103.0
1649354374 1103.0
1649354375 1103.0
1649354376 1103.0
1649354377 1103.0
1649354378 1103.0
1649354379 1103.0
1649354380 1103.0
1649354381 1103.0
1649354382 1103.0
1649354383 1103.0
1649354384 1103.0
1649354385 1103.0
1649354386 1103.0
1649354387 1103.0
1649354388 1103.0
1649354389 1103.0
1649354390 1103.0
1649354391 1103.0
1649354392 1103.0
1649354393 None
