1649675889 39.0
1649675890 39.0
1649675891 45.0
1649675892 49.0
1649675893 54.0
1649675894 54.0
1649675895 62.0
1649675896 68.0
1649675897 74.0
1649675898 74.0
1649675899 79.0
1649675900 86.0
1649675901 86.0
1649675902 91.0
1649675903 94.0
1649675904 99.0
1649675905 99.0
1649675906 104.0
1649675907 110.0
1649675908 116.0
1649675909 116.0
1649675910 122.0
1649675911 125.0
1649675912 130.0
1649675913 130.0
1649675914 136.0
1649675915 139.0
1649675916 145.0
1649675917 145.0
1649675918 151.0
1649675919 154.0
1649675920 154.0
1649675921 160.0
1649675922 165.0
1649675923 169.0
1649675924 169.0
1649675925 176.0
1649675926 179.0
1649675927 185.0
1649675928 185.0
1649675929 192.0
1649675930 199.0
1649675931 205.0
1649675932 205.0
1649675933 209.0
1649675934 212.0
1649675935 212.0
1649675936 216.0
1649675937 222.0
1649675938 225.0
1649675939 225.0
1649675940 231.0
1649675941 235.0
1649675942 240.0
1649675943 240.0
1649675944 245.0
1649675945 249.0
1649675946 255.0
1649675947 255.0
1649675948 262.0
1649675949 268.0
1649675950 268.0
1649675951 272.0
1649675952 273.0
1649675953 278.0
1649675954 278.0
1649675955 284.0
1649675956 290.0
1649675957 296.0
1649675958 296.0
1649675959 300.0
1649675960 307.0
1649675961 310.0
1649675962 310.0
1649675963 317.0
1649675964 322.0
1649675965 327.0
1649675966 327.0
1649675967 334.0
1649675968 339.0
1649675969 346.0
1649675970 346.0
1649675971 352.0
1649675972 357.0
1649675973 357.0
1649675974 363.0
1649675975 369.0
1649675976 372.0
1649675977 372.0
1649675978 377.0
1649675979 383.0
1649675980 388.0
1649675981 388.0
1649675982 394.0
1649675983 397.0
1649675984 401.0
1649675985 401.0
1649675986 403.0
1649675987 406.0
1649675988 411.0
1649675989 411.0
1649675990 416.0
1649675991 420.0
1649675992 420.0
1649675993 426.0
1649675994 432.0
1649675995 437.0
1649675996 437.0
1649675997 443.0
1649675998 448.0
1649675999 454.0
1649676000 454.0
1649676001 461.0
1649676002 467.0
1649676003 467.0
1649676004 473.0
1649676005 475.0
1649676006 None
1649676007 None
1649676008 None
