1650018594 34.0
1650018595 34.0
1650018596 38.0
1650018597 40.0
1650018598 42.0
1650018599 42.0
1650018600 45.0
1650018601 48.0
1650018602 48.0
1650018603 52.0
1650018604 54.0
1650018605 56.0
1650018606 56.0
1650018607 58.0
1650018608 64.0
1650018609 71.0
1650018610 71.0
1650018611 74.0
1650018612 78.0
1650018613 85.0
1650018614 85.0
1650018615 90.0
1650018616 94.0
1650018617 99.0
1650018618 99.0
1650018619 104.0
1650018620 107.0
1650018621 107.0
1650018622 108.0
1650018623 113.0
1650018624 116.0
1650018625 116.0
1650018626 122.0
1650018627 125.0
1650018628 127.0
1650018629 127.0
1650018630 131.0
1650018631 136.0
1650018632 141.0
1650018633 141.0
1650018634 144.0
1650018635 149.0
1650018636 149.0
1650018637 155.0
1650018638 160.0
1650018639 166.0
1650018640 166.0
1650018641 169.0
1650018642 169.0
1650018643 175.0
1650018644 175.0
1650018645 175.0
1650018646 178.0
1650018647 182.0
1650018648 182.0
1650018649 184.0
1650018650 189.0
1650018651 189.0
1650018652 195.0
1650018653 197.0
1650018654 201.0
1650018655 201.0
1650018656 203.0
1650018657 205.0
1650018658 211.0
1650018659 211.0
1650018660 216.0
1650018661 218.0
1650018662 218.0
1650018663 221.0
1650018664 224.0
1650018665 228.0
1650018666 228.0
1650018667 232.0
1650018668 234.0
1650018669 238.0
1650018670 238.0
1650018671 242.0
1650018672 244.0
1650018673 250.0
1650018674 250.0
1650018675 256.0
1650018676 259.0
1650018677 263.0
1650018678 263.0
1650018679 265.0
1650018680 269.0
1650018681 269.0
1650018682 273.0
1650018683 275.0
1650018684 280.0
1650018685 280.0
1650018686 284.0
1650018687 288.0
1650018688 290.0
1650018689 290.0
1650018690 293.0
1650018691 298.0
1650018692 300.0
1650018693 300.0
1650018694 306.0
1650018695 312.0
1650018696 314.0
1650018697 314.0
1650018698 316.0
1650018699 321.0
1650018700 321.0
1650018701 326.0
1650018702 328.0
1650018703 332.0
1650018704 332.0
1650018705 333.0
1650018706 337.0
1650018707 340.0
1650018708 340.0
1650018709 348.0
1650018710 350.0
1650018711 None
1650018712 None
1650018713 None
