1649354276 1202.0
1649354277 1202.0
1649354278 1202.0
1649354279 1202.0
1649354280 1202.0
1649354281 1202.0
1649354282 1202.0
1649354283 1202.0
1649354284 1202.0
1649354285 1202.0
1649354286 1202.0
1649354287 1202.0
1649354288 1202.0
1649354289 1202.0
1649354290 1202.0
1649354291 1202.0
1649354292 1202.0
1649354293 1202.0
1649354294 1202.0
1649354295 1202.0
1649354296 1202.0
1649354297 1202.0
1649354298 1202.0
1649354299 1202.0
1649354300 1202.0
1649354301 1202.0
1649354302 1202.0
1649354303 1202.0
1649354304 1202.0
1649354305 1202.0
1649354306 1202.0
1649354307 1202.0
1649354308 1202.0
1649354309 1202.0
1649354310 1202.0
1649354311 1202.0
1649354312 1202.0
1649354313 1202.0
1649354314 1202.0
1649354315 1202.0
1649354316 1202.0
1649354317 1202.0
1649354318 1202.0
1649354319 1202.0
1649354320 1202.0
1649354321 1202.0
1649354322 1202.0
1649354323 1202.0
1649354324 1202.0
1649354325 1202.0
1649354326 1202.0
1649354327 1202.0
1649354328 1202.0
1649354329 1202.0
1649354330 1202.0
1649354331 1202.0
1649354332 1202.0
1649354333 1202.0
1649354334 1202.0
1649354335 1202.0
1649354336 1202.0
1649354337 1202.0
1649354338 1202.0
1649354339 1202.0
1649354340 1202.0
1649354341 1202.0
1649354342 1202.0
1649354343 1202.0
1649354344 1202.0
1649354345 1202.0
1649354346 1202.0
1649354347 1202.0
1649354348 1202.0
1649354349 1202.0
1649354350 1202.0
1649354351 1202.0
1649354352 1202.0
1649354353 1202.0
1649354354 1202.0
1649354355 1202.0
1649354356 1202.0
1649354357 1202.0
1649354358 1202.0
1649354359 1202.0
1649354360 1202.0
1649354361 1202.0
1649354362 1202.0
1649354363 1202.0
1649354364 1202.0
1649354365 1202.0
1649354366 1202.0
1649354367 1202.0
1649354368 1202.0
1649354369 1202.0
1649354370 1202.0
1649354371 1202.0
1649354372 1202.0
1649354373 1202.0
1649354374 1202.0
1649354375 1202.0
1649354376 1202.0
1649354377 1202.0
1649354378 1202.0
1649354379 1202.0
1649354380 1202.0
1649354381 1202.0
1649354382 1202.0
1649354383 1202.0
1649354384 1202.0
1649354385 1202.0
1649354386 1202.0
1649354387 1202.0
1649354388 1202.0
1649354389 1202.0
1649354390 1202.0
1649354391 1202.0
1649354392 1202.0
1649354393 None
1649354394 None
1649354395 None
