1649758283 20.0
1649758284 23.0
1649758285 23.0
1649758286 25.0
1649758287 26.0
1649758288 30.0
1649758289 30.0
1649758290 34.0
1649758291 36.0
1649758292 36.0
1649758293 36.0
1649758294 38.0
1649758295 43.0
1649758296 45.0
1649758297 45.0
1649758298 49.0
1649758299 50.0
1649758300 53.0
1649758301 53.0
1649758302 56.0
1649758303 57.0
1649758304 57.0
1649758305 60.0
1649758306 61.0
1649758307 64.0
1649758308 64.0
1649758309 64.0
1649758310 68.0
1649758311 72.0
1649758312 72.0
1649758313 75.0
1649758314 76.0
1649758315 78.0
1649758316 78.0
1649758317 81.0
1649758318 82.0
1649758319 87.0
1649758320 87.0
1649758321 89.0
1649758322 92.0
1649758323 92.0
1649758324 93.0
1649758325 96.0
1649758326 101.0
1649758327 101.0
1649758328 104.0
1649758329 106.0
1649758330 108.0
1649758331 108.0
1649758332 108.0
1649758333 110.0
1649758334 110.0
1649758335 110.0
1649758336 115.0
1649758337 117.0
1649758338 119.0
1649758339 119.0
1649758340 121.0
1649758341 125.0
1649758342 125.0
1649758343 125.0
1649758344 127.0
1649758345 130.0
1649758346 130.0
1649758347 132.0
1649758348 137.0
1649758349 139.0
1649758350 139.0
1649758351 142.0
1649758352 144.0
1649758353 144.0
1649758354 146.0
1649758355 146.0
1649758356 148.0
1649758357 148.0
1649758358 151.0
1649758359 153.0
1649758360 157.0
1649758361 157.0
1649758362 161.0
1649758363 162.0
1649758364 164.0
1649758365 164.0
1649758366 166.0
1649758367 167.0
1649758368 173.0
1649758369 173.0
1649758370 175.0
1649758371 178.0
1649758372 180.0
1649758373 180.0
1649758374 182.0
1649758375 185.0
1649758376 185.0
1649758377 187.0
1649758378 189.0
1649758379 194.0
1649758380 194.0
1649758381 198.0
1649758382 199.0
1649758383 202.0
1649758384 202.0
1649758385 206.0
1649758386 210.0
1649758387 212.0
1649758388 212.0
1649758389 214.0
1649758390 216.0
1649758391 216.0
1649758392 217.0
1649758393 217.0
1649758394 219.0
1649758395 219.0
1649758396 220.0
1649758397 221.0
1649758398 224.0
1649758399 224.0
1649758400 224.0
1649758401 None
1649758402 None
