1651653165 1680.0
1651653166 1680.0
1651653167 1680.0
1651653168 1680.0
1651653169 1680.0
1651653170 1680.0
1651653171 1680.0
1651653172 1680.0
1651653173 1680.0
1651653174 1680.0
1651653175 1680.0
1651653176 1680.0
1651653177 1680.0
1651653178 1680.0
1651653179 1680.0
1651653180 1680.0
1651653181 1680.0
1651653182 1680.0
1651653183 1680.0
1651653184 1680.0
1651653185 1680.0
1651653186 1680.0
1651653187 1680.0
1651653188 1680.0
1651653189 1680.0
1651653190 1680.0
1651653191 1680.0
1651653192 1680.0
1651653193 1680.0
1651653194 1680.0
1651653195 1680.0
1651653196 1680.0
1651653197 1680.0
1651653198 1680.0
1651653199 1680.0
1651653200 1680.0
1651653201 1680.0
1651653202 1680.0
1651653203 1680.0
1651653204 1680.0
1651653205 1680.0
1651653206 1680.0
1651653207 1680.0
1651653208 1680.0
1651653209 1680.0
1651653210 1680.0
1651653211 1680.0
1651653212 1680.0
1651653213 1680.0
1651653214 1680.0
1651653215 1680.0
1651653216 1680.0
1651653217 1680.0
1651653218 1680.0
1651653219 1680.0
1651653220 1680.0
1651653221 1680.0
1651653222 1680.0
1651653223 1680.0
1651653224 1680.0
1651653225 1680.0
1651653226 1680.0
1651653227 1680.0
1651653228 1680.0
1651653229 1680.0
1651653230 1680.0
1651653231 1680.0
1651653232 1680.0
1651653233 1680.0
1651653234 1680.0
1651653235 1680.0
1651653236 1680.0
1651653237 1680.0
1651653238 1680.0
1651653239 1680.0
1651653240 1680.0
1651653241 1680.0
1651653242 1680.0
1651653243 1680.0
1651653244 1680.0
1651653245 1680.0
1651653246 1680.0
1651653247 1680.0
1651653248 1680.0
1651653249 1680.0
1651653250 1680.0
1651653251 1680.0
1651653252 1680.0
1651653253 1680.0
1651653254 1680.0
1651653255 1680.0
1651653256 1680.0
1651653257 1680.0
1651653258 1680.0
1651653259 1680.0
1651653260 1680.0
1651653261 1680.0
1651653262 1680.0
1651653263 1680.0
1651653264 1680.0
1651653265 1680.0
1651653266 1680.0
1651653267 1680.0
1651653268 1680.0
1651653269 1680.0
1651653270 1680.0
1651653271 1680.0
1651653272 1680.0
1651653273 1680.0
1651653274 1680.0
1651653275 1680.0
1651653276 1680.0
1651653277 1680.0
1651653278 1680.0
1651653279 1680.0
1651653280 1680.0
1651653281 1680.0
1651653282 1680.0
1651653283 1680.0
1651653284 None
