1652190207 1941.0
1652190208 1941.0
1652190209 1941.0
1652190210 1941.0
1652190211 1941.0
1652190212 1941.0
1652190213 1941.0
1652190214 1941.0
1652190215 1941.0
1652190216 1941.0
1652190217 1941.0
1652190218 1941.0
1652190219 1941.0
1652190220 1941.0
1652190221 1941.0
1652190222 1941.0
1652190223 1941.0
1652190224 1941.0
1652190225 1941.0
1652190226 1941.0
1652190227 1941.0
1652190228 1941.0
1652190229 1941.0
1652190230 1941.0
1652190231 1941.0
1652190232 1941.0
1652190233 1941.0
1652190234 1941.0
1652190235 1941.0
1652190236 1941.0
1652190237 1941.0
1652190238 1941.0
1652190239 1941.0
1652190240 1941.0
1652190241 1941.0
1652190242 1941.0
1652190243 1941.0
1652190244 1941.0
1652190245 1941.0
1652190246 1941.0
1652190247 1941.0
1652190248 1941.0
1652190249 1941.0
1652190250 1941.0
1652190251 1941.0
1652190252 1941.0
1652190253 1941.0
1652190254 1941.0
1652190255 1941.0
1652190256 1941.0
1652190257 1941.0
1652190258 1941.0
1652190259 1941.0
1652190260 1941.0
1652190261 1941.0
1652190262 1941.0
1652190263 1941.0
1652190264 1941.0
1652190265 1941.0
1652190266 1941.0
1652190267 1941.0
1652190268 1941.0
1652190269 1941.0
1652190270 1941.0
1652190271 1941.0
1652190272 1941.0
1652190273 1941.0
1652190274 1941.0
1652190275 1941.0
1652190276 1941.0
1652190277 1941.0
1652190278 1941.0
1652190279 1941.0
1652190280 1941.0
1652190281 1941.0
1652190282 1941.0
1652190283 1941.0
1652190284 1941.0
1652190285 1941.0
1652190286 1941.0
1652190287 1941.0
1652190288 1941.0
1652190289 1941.0
1652190290 1941.0
1652190291 1941.0
1652190292 1941.0
1652190293 1941.0
1652190294 1941.0
1652190295 1941.0
1652190296 1941.0
1652190297 1941.0
1652190298 1941.0
1652190299 1941.0
1652190300 1941.0
1652190301 1941.0
1652190302 1941.0
1652190303 1941.0
1652190304 1941.0
1652190305 1941.0
1652190306 1941.0
1652190307 1941.0
1652190308 1941.0
1652190309 1941.0
1652190310 1941.0
1652190311 1941.0
1652190312 1941.0
1652190313 1941.0
1652190314 1941.0
1652190315 1941.0
1652190316 1941.0
1652190317 1941.0
1652190318 1941.0
1652190319 1941.0
1652190320 1941.0
1652190321 1941.0
1652190322 1941.0
1652190323 1941.0
1652190324 1941.0
1652190325 1941.0
1652190326 None
