1651505832 0.0
1651505833 1.0
1651505834 2.0
1651505835 3.0
1651505836 3.0
1651505837 5.0
1651505838 6.0
1651505839 6.0
1651505840 7.0
1651505841 7.0
1651505842 8.0
1651505843 8.0
1651505844 9.0
1651505845 10.0
1651505846 11.0
1651505847 12.0
1651505848 13.0
1651505849 14.0
1651505850 14.0
1651505851 15.0
1651505852 16.0
1651505853 17.0
1651505854 17.0
1651505855 18.0
1651505856 19.0
1651505857 20.0
1651505858 20.0
1651505859 21.0
1651505860 22.0
1651505861 23.0
1651505862 23.0
1651505863 24.0
1651505864 25.0
1651505865 26.0
1651505866 27.0
1651505867 28.0
1651505868 28.0
1651505869 30.0
1651505870 31.0
1651505871 32.0
1651505872 33.0
1651505873 34.0
1651505874 34.0
1651505875 35.0
1651505876 36.0
1651505877 36.0
1651505878 37.0
1651505879 39.0
1651505880 39.0
1651505881 39.0
1651505882 40.0
1651505883 41.0
1651505884 42.0
1651505885 43.0
1651505886 43.0
1651505887 43.0
1651505888 44.0
1651505889 44.0
1651505890 45.0
1651505891 45.0
1651505892 46.0
1651505893 47.0
1651505894 47.0
1651505895 49.0
1651505896 49.0
1651505897 49.0
1651505898 49.0
1651505899 49.0
1651505900 50.0
1651505901 52.0
1651505902 53.0
1651505903 54.0
1651505904 55.0
1651505905 55.0
1651505906 56.0
1651505907 57.0
1651505908 58.0
1651505909 59.0
1651505910 59.0
1651505911 60.0
1651505912 61.0
1651505913 62.0
1651505914 63.0
1651505915 63.0
1651505916 64.0
1651505917 65.0
1651505918 65.0
1651505919 66.0
1651505920 66.0
1651505921 66.0
1651505922 67.0
1651505923 67.0
1651505924 68.0
1651505925 69.0
1651505926 70.0
1651505927 70.0
1651505928 70.0
1651505929 71.0
1651505930 72.0
1651505931 73.0
1651505932 74.0
1651505933 75.0
1651505934 76.0
1651505935 76.0
1651505936 76.0
1651505937 77.0
1651505938 77.0
1651505939 78.0
1651505940 79.0
1651505941 80.0
1651505942 81.0
1651505943 83.0
1651505944 84.0
1651505945 85.0
1651505946 86.0
1651505947 87.0
1651505948 88.0
1651505949 88.0
1651505950 89.0
1651505951 None
