1652212958 3.0
1652212959 3.0
1652212960 3.0
1652212961 4.0
1652212962 4.0
1652212963 4.0
1652212964 5.0
1652212965 5.0
1652212966 6.0
1652212967 7.0
1652212968 8.0
1652212969 9.0
1652212970 10.0
1652212971 11.0
1652212972 12.0
1652212973 12.0
1652212974 12.0
1652212975 13.0
1652212976 14.0
1652212977 14.0
1652212978 14.0
1652212979 15.0
1652212980 15.0
1652212981 16.0
1652212982 16.0
1652212983 17.0
1652212984 17.0
1652212985 18.0
1652212986 20.0
1652212987 20.0
1652212988 20.0
1652212989 20.0
1652212990 21.0
1652212991 21.0
1652212992 22.0
1652212993 22.0
1652212994 22.0
1652212995 23.0
1652212996 23.0
1652212997 24.0
1652212998 24.0
1652212999 25.0
1652213000 25.0
1652213001 26.0
1652213002 26.0
1652213003 27.0
1652213004 27.0
1652213005 27.0
1652213006 27.0
1652213007 28.0
1652213008 28.0
1652213009 29.0
1652213010 29.0
1652213011 30.0
1652213012 30.0
1652213013 31.0
1652213014 31.0
1652213015 31.0
1652213016 32.0
1652213017 32.0
1652213018 32.0
1652213019 32.0
1652213020 33.0
1652213021 33.0
1652213022 33.0
1652213023 34.0
1652213024 34.0
1652213025 35.0
1652213026 35.0
1652213027 36.0
1652213028 36.0
1652213029 36.0
1652213030 37.0
1652213031 37.0
1652213032 37.0
1652213033 38.0
1652213034 38.0
1652213035 39.0
1652213036 39.0
1652213037 40.0
1652213038 41.0
1652213039 41.0
1652213040 42.0
1652213041 43.0
1652213042 43.0
1652213043 44.0
1652213044 45.0
1652213045 45.0
1652213046 45.0
1652213047 46.0
1652213048 46.0
1652213049 47.0
1652213050 47.0
1652213051 47.0
1652213052 48.0
1652213053 49.0
1652213054 50.0
1652213055 51.0
1652213056 51.0
1652213057 51.0
1652213058 52.0
1652213059 53.0
1652213060 55.0
1652213061 55.0
1652213062 56.0
1652213063 56.0
1652213064 56.0
1652213065 57.0
1652213066 57.0
1652213067 57.0
1652213068 58.0
1652213069 58.0
1652213070 58.0
1652213071 59.0
1652213072 59.0
1652213073 60.0
1652213074 60.0
1652213075 60.0
1652213076 None
1652213077 None
