1651587862 2015.0
1651587863 2015.0
1651587864 2015.0
1651587865 2015.0
1651587866 2015.0
1651587867 2015.0
1651587868 2013.0
1651587869 2013.0
1651587870 2013.0
1651587871 2013.0
1651587872 2013.0
1651587873 2013.0
1651587874 2013.0
1651587875 2013.0
1651587876 2013.0
1651587877 2013.0
1651587878 2013.0
1651587879 2013.0
1651587880 2013.0
1651587881 2013.0
1651587882 2013.0
1651587883 2013.0
1651587884 2013.0
1651587885 2013.0
1651587886 2013.0
1651587887 2013.0
1651587888 2013.0
1651587889 2013.0
1651587890 2013.0
1651587891 2013.0
1651587892 2013.0
1651587893 2013.0
1651587894 2013.0
1651587895 2013.0
1651587896 2013.0
1651587897 2013.0
1651587898 2013.0
1651587899 2013.0
1651587900 2013.0
1651587901 2013.0
1651587902 2013.0
1651587903 2013.0
1651587904 2013.0
1651587905 2013.0
1651587906 2013.0
1651587907 2013.0
1651587908 2013.0
1651587909 2013.0
1651587910 2013.0
1651587911 2013.0
1651587912 2013.0
1651587913 2013.0
1651587914 2013.0
1651587915 2013.0
1651587916 2013.0
1651587917 2013.0
1651587918 2013.0
1651587919 2013.0
1651587920 2013.0
1651587921 2013.0
1651587922 2013.0
1651587923 2013.0
1651587924 2013.0
1651587925 2013.0
1651587926 2013.0
1651587927 2013.0
1651587928 2013.0
1651587929 2013.0
1651587930 2013.0
1651587931 2013.0
1651587932 2013.0
1651587933 2013.0
1651587934 2013.0
1651587935 2013.0
1651587936 2013.0
1651587937 2013.0
1651587938 2013.0
1651587939 2013.0
1651587940 2013.0
1651587941 2013.0
1651587942 2013.0
1651587943 2013.0
1651587944 2013.0
1651587945 2013.0
1651587946 2013.0
1651587947 2013.0
1651587948 2013.0
1651587949 2013.0
1651587950 2013.0
1651587951 2013.0
1651587952 2013.0
1651587953 2013.0
1651587954 2013.0
1651587955 2013.0
1651587956 2013.0
1651587957 2013.0
1651587958 2013.0
1651587959 2013.0
1651587960 2013.0
1651587961 2013.0
1651587962 2013.0
1651587963 2013.0
1651587964 2013.0
1651587965 2013.0
1651587966 2013.0
1651587967 2013.0
1651587968 2013.0
1651587969 2013.0
1651587970 2013.0
1651587971 2013.0
1651587972 2013.0
1651587973 2013.0
1651587974 2013.0
1651587975 2013.0
1651587976 2013.0
1651587977 2013.0
1651587978 2013.0
1651587979 2013.0
1651587980 2013.0
1651587981 None
