1652687630 23540.0
1652687631 23540.0
1652687632 23540.0
1652687633 23540.0
1652687634 23540.0
1652687635 23540.0
1652687636 23540.0
1652687637 23540.0
1652687638 23540.0
1652687639 23540.0
1652687640 23540.0
1652687641 23540.0
1652687642 23540.0
1652687643 23540.0
1652687644 23540.0
1652687645 23540.0
1652687646 23540.0
1652687647 23540.0
1652687648 23540.0
1652687649 23540.0
1652687650 23540.0
1652687651 23540.0
1652687652 23540.0
1652687653 23540.0
1652687654 23540.0
1652687655 23540.0
1652687656 23540.0
1652687657 23540.0
1652687658 23540.0
1652687659 23540.0
1652687660 23540.0
1652687661 23540.0
1652687662 23540.0
1652687663 23540.0
1652687664 23540.0
1652687665 23540.0
1652687666 23540.0
1652687667 23540.0
1652687668 23540.0
1652687669 23540.0
1652687670 23540.0
1652687671 23540.0
1652687672 23540.0
1652687673 23540.0
1652687674 23540.0
1652687675 23540.0
1652687676 23540.0
1652687677 23540.0
1652687678 23540.0
1652687679 23540.0
1652687680 23540.0
1652687681 23540.0
1652687682 23540.0
1652687683 23540.0
1652687684 23540.0
1652687685 23540.0
1652687686 23540.0
1652687687 23540.0
1652687688 23540.0
1652687689 23540.0
1652687690 23540.0
1652687691 23540.0
1652687692 23540.0
1652687693 23540.0
1652687694 23540.0
1652687695 23540.0
1652687696 23540.0
1652687697 23540.0
1652687698 23540.0
1652687699 23540.0
1652687700 23540.0
1652687701 23540.0
1652687702 23540.0
1652687703 23540.0
1652687704 23540.0
1652687705 23540.0
1652687706 23540.0
1652687707 23540.0
1652687708 23540.0
1652687709 23540.0
1652687710 23540.0
1652687711 23540.0
1652687712 23540.0
1652687713 23540.0
1652687714 23540.0
1652687715 23540.0
1652687716 23540.0
1652687717 23540.0
1652687718 23540.0
1652687719 23540.0
1652687720 23540.0
1652687721 23540.0
1652687722 23540.0
1652687723 23540.0
1652687724 23540.0
1652687725 23540.0
1652687726 23540.0
1652687727 23540.0
1652687728 23540.0
1652687729 23540.0
1652687730 23540.0
1652687731 23540.0
1652687732 23540.0
1652687733 23540.0
1652687734 23540.0
1652687735 23540.0
1652687736 23540.0
1652687737 23540.0
1652687738 23540.0
1652687739 23540.0
1652687740 23540.0
1652687741 23540.0
1652687742 23540.0
1652687743 23540.0
1652687744 23540.0
1652687745 23540.0
1652687746 23540.0
1652687747 23540.0
1652687748 23540.0
1652687749 None
