1651653165 4.0
1651653166 4.0
1651653167 5.0
1651653168 5.0
1651653169 5.0
1651653170 5.0
1651653171 5.0
1651653172 6.0
1651653173 6.0
1651653174 7.0
1651653175 8.0
1651653176 8.0
1651653177 9.0
1651653178 10.0
1651653179 11.0
1651653180 11.0
1651653181 13.0
1651653182 13.0
1651653183 14.0
1651653184 15.0
1651653185 16.0
1651653186 16.0
1651653187 16.0
1651653188 18.0
1651653189 18.0
1651653190 19.0
1651653191 20.0
1651653192 21.0
1651653193 23.0
1651653194 23.0
1651653195 23.0
1651653196 24.0
1651653197 25.0
1651653198 25.0
1651653199 25.0
1651653200 26.0
1651653201 27.0
1651653202 28.0
1651653203 28.0
1651653204 29.0
1651653205 30.0
1651653206 30.0
1651653207 30.0
1651653208 31.0
1651653209 31.0
1651653210 31.0
1651653211 31.0
1651653212 32.0
1651653213 33.0
1651653214 34.0
1651653215 35.0
1651653216 36.0
1651653217 36.0
1651653218 38.0
1651653219 38.0
1651653220 39.0
1651653221 39.0
1651653222 40.0
1651653223 40.0
1651653224 41.0
1651653225 42.0
1651653226 43.0
1651653227 43.0
1651653228 44.0
1651653229 45.0
1651653230 46.0
1651653231 47.0
1651653232 47.0
1651653233 47.0
1651653234 48.0
1651653235 50.0
1651653236 50.0
1651653237 51.0
1651653238 52.0
1651653239 52.0
1651653240 52.0
1651653241 53.0
1651653242 54.0
1651653243 54.0
1651653244 55.0
1651653245 55.0
1651653246 55.0
1651653247 56.0
1651653248 57.0
1651653249 58.0
1651653250 58.0
1651653251 58.0
1651653252 58.0
1651653253 59.0
1651653254 59.0
1651653255 60.0
1651653256 61.0
1651653257 61.0
1651653258 63.0
1651653259 63.0
1651653260 63.0
1651653261 64.0
1651653262 65.0
1651653263 66.0
1651653264 66.0
1651653265 67.0
1651653266 68.0
1651653267 69.0
1651653268 69.0
1651653269 70.0
1651653270 71.0
1651653271 71.0
1651653272 72.0
1651653273 72.0
1651653274 73.0
1651653275 74.0
1651653276 75.0
1651653277 75.0
1651653278 76.0
1651653279 76.0
1651653280 76.0
1651653281 76.0
1651653282 76.0
1651653283 76.0
1651653284 None
