1653903846 814.0
1653903847 814.0
1653903848 814.0
1653903849 814.0
1653903850 814.0
1653903851 814.0
1653903852 814.0
1653903853 814.0
1653903854 814.0
1653903855 814.0
1653903856 814.0
1653903857 814.0
1653903858 814.0
1653903859 814.0
1653903860 814.0
1653903861 814.0
1653903862 814.0
1653903863 814.0
1653903864 814.0
1653903865 814.0
1653903866 814.0
1653903867 814.0
1653903868 814.0
1653903869 814.0
1653903870 814.0
1653903871 814.0
1653903872 814.0
1653903873 814.0
1653903874 814.0
1653903875 814.0
1653903876 814.0
1653903877 814.0
1653903878 814.0
1653903879 814.0
1653903880 814.0
1653903881 814.0
1653903882 814.0
1653903883 814.0
1653903884 814.0
1653903885 814.0
1653903886 814.0
1653903887 814.0
1653903888 814.0
1653903889 814.0
1653903890 814.0
1653903891 814.0
1653903892 814.0
1653903893 814.0
1653903894 814.0
1653903895 814.0
1653903896 814.0
1653903897 814.0
1653903898 814.0
1653903899 814.0
1653903900 814.0
1653903901 814.0
1653903902 814.0
1653903903 814.0
1653903904 814.0
1653903905 814.0
1653903906 814.0
1653903907 814.0
1653903908 814.0
1653903909 814.0
1653903910 814.0
1653903911 814.0
1653903912 814.0
1653903913 814.0
1653903914 814.0
1653903915 814.0
1653903916 814.0
1653903917 814.0
1653903918 814.0
1653903919 814.0
1653903920 814.0
1653903921 814.0
1653903922 814.0
1653903923 814.0
1653903924 814.0
1653903925 814.0
1653903926 814.0
1653903927 814.0
1653903928 814.0
1653903929 814.0
1653903930 814.0
1653903931 814.0
1653903932 814.0
1653903933 814.0
1653903934 814.0
1653903935 814.0
1653903936 814.0
1653903937 814.0
1653903938 814.0
1653903939 814.0
1653903940 814.0
1653903941 814.0
1653903942 814.0
1653903943 814.0
1653903944 814.0
1653903945 814.0
1653903946 814.0
1653903947 814.0
1653903948 814.0
1653903949 814.0
1653903950 814.0
1653903951 814.0
1653903952 814.0
1653903953 814.0
1653903954 814.0
1653903955 814.0
1653903956 814.0
1653903957 814.0
1653903958 814.0
1653903959 814.0
1653903960 814.0
1653903961 814.0
1653903962 814.0
1653903963 814.0
1653903964 814.0
1653903965 None
