1652687630 4.0
1652687631 5.0
1652687632 6.0
1652687633 7.0
1652687634 9.0
1652687635 10.0
1652687636 11.0
1652687637 12.0
1652687638 14.0
1652687639 15.0
1652687640 15.0
1652687641 16.0
1652687642 17.0
1652687643 18.0
1652687644 19.0
1652687645 19.0
1652687646 20.0
1652687647 22.0
1652687648 22.0
1652687649 22.0
1652687650 23.0
1652687651 24.0
1652687652 25.0
1652687653 27.0
1652687654 28.0
1652687655 30.0
1652687656 31.0
1652687657 33.0
1652687658 34.0
1652687659 35.0
1652687660 35.0
1652687661 37.0
1652687662 38.0
1652687663 39.0
1652687664 40.0
1652687665 40.0
1652687666 42.0
1652687667 43.0
1652687668 45.0
1652687669 46.0
1652687670 47.0
1652687671 47.0
1652687672 49.0
1652687673 49.0
1652687674 51.0
1652687675 51.0
1652687676 52.0
1652687677 53.0
1652687678 54.0
1652687679 55.0
1652687680 56.0
1652687681 57.0
1652687682 59.0
1652687683 60.0
1652687684 61.0
1652687685 62.0
1652687686 64.0
1652687687 65.0
1652687688 66.0
1652687689 67.0
1652687690 68.0
1652687691 69.0
1652687692 70.0
1652687693 71.0
1652687694 73.0
1652687695 75.0
1652687696 76.0
1652687697 78.0
1652687698 79.0
1652687699 80.0
1652687700 81.0
1652687701 83.0
1652687702 84.0
1652687703 85.0
1652687704 87.0
1652687705 87.0
1652687706 89.0
1652687707 90.0
1652687708 91.0
1652687709 91.0
1652687710 92.0
1652687711 92.0
1652687712 93.0
1652687713 94.0
1652687714 96.0
1652687715 96.0
1652687716 97.0
1652687717 99.0
1652687718 100.0
1652687719 101.0
1652687720 102.0
1652687721 104.0
1652687722 105.0
1652687723 106.0
1652687724 107.0
1652687725 109.0
1652687726 110.0
1652687727 111.0
1652687728 111.0
1652687729 111.0
1652687730 113.0
1652687731 114.0
1652687732 115.0
1652687733 115.0
1652687734 116.0
1652687735 117.0
1652687736 118.0
1652687737 118.0
1652687738 119.0
1652687739 121.0
1652687740 121.0
1652687741 122.0
1652687742 124.0
1652687743 125.0
1652687744 126.0
1652687745 128.0
1652687746 129.0
1652687747 129.0
1652687748 129.0
1652687749 None
