1652212958 54.0
1652212959 54.0
1652212960 54.0
1652212961 54.0
1652212962 54.0
1652212963 54.0
1652212964 54.0
1652212965 54.0
1652212966 54.0
1652212967 54.0
1652212968 54.0
1652212969 54.0
1652212970 54.0
1652212971 54.0
1652212972 54.0
1652212973 54.0
1652212974 54.0
1652212975 54.0
1652212976 54.0
1652212977 54.0
1652212978 54.0
1652212979 54.0
1652212980 54.0
1652212981 54.0
1652212982 54.0
1652212983 54.0
1652212984 54.0
1652212985 54.0
1652212986 54.0
1652212987 54.0
1652212988 54.0
1652212989 54.0
1652212990 54.0
1652212991 54.0
1652212992 54.0
1652212993 54.0
1652212994 54.0
1652212995 54.0
1652212996 54.0
1652212997 54.0
1652212998 54.0
1652212999 54.0
1652213000 54.0
1652213001 54.0
1652213002 54.0
1652213003 54.0
1652213004 54.0
1652213005 54.0
1652213006 54.0
1652213007 54.0
1652213008 54.0
1652213009 54.0
1652213010 54.0
1652213011 54.0
1652213012 54.0
1652213013 54.0
1652213014 54.0
1652213015 54.0
1652213016 54.0
1652213017 54.0
1652213018 54.0
1652213019 54.0
1652213020 54.0
1652213021 54.0
1652213022 54.0
1652213023 54.0
1652213024 54.0
1652213025 54.0
1652213026 54.0
1652213027 54.0
1652213028 54.0
1652213029 54.0
1652213030 54.0
1652213031 54.0
1652213032 54.0
1652213033 54.0
1652213034 54.0
1652213035 54.0
1652213036 54.0
1652213037 54.0
1652213038 54.0
1652213039 54.0
1652213040 54.0
1652213041 54.0
1652213042 54.0
1652213043 54.0
1652213044 54.0
1652213045 54.0
1652213046 54.0
1652213047 54.0
1652213048 54.0
1652213049 54.0
1652213050 54.0
1652213051 54.0
1652213052 54.0
1652213053 54.0
1652213054 54.0
1652213055 54.0
1652213056 54.0
1652213057 54.0
1652213058 54.0
1652213059 54.0
1652213060 54.0
1652213061 54.0
1652213062 54.0
1652213063 54.0
1652213064 54.0
1652213065 54.0
1652213066 54.0
1652213067 54.0
1652213068 54.0
1652213069 54.0
1652213070 54.0
1652213071 54.0
1652213072 54.0
1652213073 54.0
1652213074 54.0
1652213075 54.0
1652213076 None
1652213077 None
