1652190207 4402.0
1652190208 4402.0
1652190209 4402.0
1652190210 4402.0
1652190211 4402.0
1652190212 4402.0
1652190213 4402.0
1652190214 4402.0
1652190215 4402.0
1652190216 4402.0
1652190217 4402.0
1652190218 4402.0
1652190219 4402.0
1652190220 4402.0
1652190221 4402.0
1652190222 4402.0
1652190223 4402.0
1652190224 4402.0
1652190225 4402.0
1652190226 4402.0
1652190227 4402.0
1652190228 4402.0
1652190229 4402.0
1652190230 4402.0
1652190231 4402.0
1652190232 4402.0
1652190233 4402.0
1652190234 4402.0
1652190235 4402.0
1652190236 4402.0
1652190237 4402.0
1652190238 4402.0
1652190239 4402.0
1652190240 4402.0
1652190241 4402.0
1652190242 4402.0
1652190243 4402.0
1652190244 4402.0
1652190245 4402.0
1652190246 4402.0
1652190247 4402.0
1652190248 4402.0
1652190249 4402.0
1652190250 4402.0
1652190251 4402.0
1652190252 4402.0
1652190253 4402.0
1652190254 4402.0
1652190255 4402.0
1652190256 4402.0
1652190257 4402.0
1652190258 4402.0
1652190259 4402.0
1652190260 4402.0
1652190261 4402.0
1652190262 4402.0
1652190263 4402.0
1652190264 4402.0
1652190265 4402.0
1652190266 4402.0
1652190267 4402.0
1652190268 4402.0
1652190269 4402.0
1652190270 4402.0
1652190271 4402.0
1652190272 4402.0
1652190273 4402.0
1652190274 4402.0
1652190275 4402.0
1652190276 4402.0
1652190277 4402.0
1652190278 4402.0
1652190279 4402.0
1652190280 4402.0
1652190281 4402.0
1652190282 4402.0
1652190283 4402.0
1652190284 4402.0
1652190285 4402.0
1652190286 4402.0
1652190287 4402.0
1652190288 4402.0
1652190289 4402.0
1652190290 4402.0
1652190291 4402.0
1652190292 4402.0
1652190293 4402.0
1652190294 4402.0
1652190295 4402.0
1652190296 4402.0
1652190297 4402.0
1652190298 4402.0
1652190299 4402.0
1652190300 4402.0
1652190301 4402.0
1652190302 4402.0
1652190303 4402.0
1652190304 4402.0
1652190305 4402.0
1652190306 4402.0
1652190307 4402.0
1652190308 4402.0
1652190309 4402.0
1652190310 4402.0
1652190311 4402.0
1652190312 4402.0
1652190313 4402.0
1652190314 4402.0
1652190315 4402.0
1652190316 4402.0
1652190317 4402.0
1652190318 4402.0
1652190319 4402.0
1652190320 4402.0
1652190321 4402.0
1652190322 4402.0
1652190323 4402.0
1652190324 4402.0
1652190325 4402.0
1652190326 None
