1652212958 1925.0
1652212959 1925.0
1652212960 1925.0
1652212961 1925.0
1652212962 1925.0
1652212963 1925.0
1652212964 1948.0
1652212965 1948.0
1652212966 1948.0
1652212967 1948.0
1652212968 1948.0
1652212969 1948.0
1652212970 1948.0
1652212971 1948.0
1652212972 1948.0
1652212973 1948.0
1652212974 1948.0
1652212975 1948.0
1652212976 1948.0
1652212977 1948.0
1652212978 1948.0
1652212979 1948.0
1652212980 1948.0
1652212981 1948.0
1652212982 1948.0
1652212983 1948.0
1652212984 1948.0
1652212985 1948.0
1652212986 1948.0
1652212987 1948.0
1652212988 1948.0
1652212989 1948.0
1652212990 1948.0
1652212991 1948.0
1652212992 1948.0
1652212993 1948.0
1652212994 1948.0
1652212995 1948.0
1652212996 1948.0
1652212997 1948.0
1652212998 1948.0
1652212999 1948.0
1652213000 1948.0
1652213001 1948.0
1652213002 1948.0
1652213003 1948.0
1652213004 1948.0
1652213005 1948.0
1652213006 1948.0
1652213007 1948.0
1652213008 1948.0
1652213009 1948.0
1652213010 1948.0
1652213011 1948.0
1652213012 1948.0
1652213013 1948.0
1652213014 1948.0
1652213015 1948.0
1652213016 1948.0
1652213017 1948.0
1652213018 1948.0
1652213019 1948.0
1652213020 1948.0
1652213021 1948.0
1652213022 1948.0
1652213023 1948.0
1652213024 1948.0
1652213025 1948.0
1652213026 1948.0
1652213027 1948.0
1652213028 1948.0
1652213029 1948.0
1652213030 1948.0
1652213031 1948.0
1652213032 1948.0
1652213033 1948.0
1652213034 1948.0
1652213035 1948.0
1652213036 1948.0
1652213037 1948.0
1652213038 1948.0
1652213039 1948.0
1652213040 1948.0
1652213041 1948.0
1652213042 1948.0
1652213043 1948.0
1652213044 1948.0
1652213045 1948.0
1652213046 1948.0
1652213047 1948.0
1652213048 1948.0
1652213049 1948.0
1652213050 1948.0
1652213051 1948.0
1652213052 1948.0
1652213053 1948.0
1652213054 1948.0
1652213055 1948.0
1652213056 1948.0
1652213057 1948.0
1652213058 1948.0
1652213059 1948.0
1652213060 1948.0
1652213061 1948.0
1652213062 1948.0
1652213063 1948.0
1652213064 1948.0
1652213065 1948.0
1652213066 1948.0
1652213067 1948.0
1652213068 1948.0
1652213069 1948.0
1652213070 1948.0
1652213071 1948.0
1652213072 1948.0
1652213073 1948.0
1652213074 1948.0
1652213075 1948.0
1652213076 None
1652213077 None
