1651653165 1459.0
1651653166 1459.0
1651653167 1459.0
1651653168 1459.0
1651653169 1459.0
1651653170 1459.0
1651653171 1479.0
1651653172 1479.0
1651653173 1479.0
1651653174 1479.0
1651653175 1479.0
1651653176 1479.0
1651653177 1479.0
1651653178 1479.0
1651653179 1479.0
1651653180 1479.0
1651653181 1479.0
1651653182 1479.0
1651653183 1479.0
1651653184 1479.0
1651653185 1479.0
1651653186 1479.0
1651653187 1479.0
1651653188 1479.0
1651653189 1479.0
1651653190 1479.0
1651653191 1479.0
1651653192 1479.0
1651653193 1479.0
1651653194 1479.0
1651653195 1479.0
1651653196 1479.0
1651653197 1479.0
1651653198 1479.0
1651653199 1479.0
1651653200 1479.0
1651653201 1479.0
1651653202 1479.0
1651653203 1479.0
1651653204 1479.0
1651653205 1479.0
1651653206 1479.0
1651653207 1479.0
1651653208 1479.0
1651653209 1479.0
1651653210 1479.0
1651653211 1479.0
1651653212 1479.0
1651653213 1479.0
1651653214 1479.0
1651653215 1479.0
1651653216 1479.0
1651653217 1479.0
1651653218 1479.0
1651653219 1479.0
1651653220 1479.0
1651653221 1479.0
1651653222 1479.0
1651653223 1479.0
1651653224 1479.0
1651653225 1479.0
1651653226 1479.0
1651653227 1479.0
1651653228 1479.0
1651653229 1479.0
1651653230 1479.0
1651653231 1479.0
1651653232 1479.0
1651653233 1479.0
1651653234 1479.0
1651653235 1479.0
1651653236 1479.0
1651653237 1479.0
1651653238 1479.0
1651653239 1479.0
1651653240 1479.0
1651653241 1479.0
1651653242 1479.0
1651653243 1479.0
1651653244 1479.0
1651653245 1479.0
1651653246 1479.0
1651653247 1479.0
1651653248 1479.0
1651653249 1479.0
1651653250 1479.0
1651653251 1479.0
1651653252 1479.0
1651653253 1479.0
1651653254 1479.0
1651653255 1479.0
1651653256 1479.0
1651653257 1479.0
1651653258 1479.0
1651653259 1479.0
1651653260 1479.0
1651653261 1479.0
1651653262 1479.0
1651653263 1479.0
1651653264 1479.0
1651653265 1479.0
1651653266 1479.0
1651653267 1479.0
1651653268 1479.0
1651653269 1479.0
1651653270 1479.0
1651653271 1479.0
1651653272 1479.0
1651653273 1479.0
1651653274 1479.0
1651653275 1479.0
1651653276 1479.0
1651653277 1479.0
1651653278 1479.0
1651653279 1479.0
1651653280 1479.0
1651653281 1479.0
1651653282 1479.0
1651653283 1479.0
1651653284 None
