1653300253 53294.0
1653300254 53294.0
1653300255 53294.0
1653300256 53294.0
1653300257 53294.0
1653300258 53294.0
1653300259 53291.0
1653300260 53291.0
1653300261 53291.0
1653300262 53291.0
1653300263 53291.0
1653300264 53291.0
1653300265 53291.0
1653300266 53291.0
1653300267 53291.0
1653300268 53291.0
1653300269 53291.0
1653300270 53291.0
1653300271 53291.0
1653300272 53291.0
1653300273 53291.0
1653300274 53291.0
1653300275 53291.0
1653300276 53291.0
1653300277 53291.0
1653300278 53291.0
1653300279 53291.0
1653300280 53291.0
1653300281 53291.0
1653300282 53291.0
1653300283 53291.0
1653300284 53291.0
1653300285 53291.0
1653300286 53291.0
1653300287 53291.0
1653300288 53291.0
1653300289 53291.0
1653300290 53291.0
1653300291 53291.0
1653300292 53291.0
1653300293 53291.0
1653300294 53291.0
1653300295 53291.0
1653300296 53291.0
1653300297 53291.0
1653300298 53291.0
1653300299 53291.0
1653300300 53291.0
1653300301 53291.0
1653300302 53291.0
1653300303 53291.0
1653300304 53291.0
1653300305 53291.0
1653300306 53291.0
1653300307 53291.0
1653300308 53291.0
1653300309 53291.0
1653300310 53291.0
1653300311 53291.0
1653300312 53291.0
1653300313 53291.0
1653300314 53291.0
1653300315 53291.0
1653300316 53291.0
1653300317 53291.0
1653300318 53291.0
1653300319 53291.0
1653300320 53291.0
1653300321 53291.0
1653300322 53291.0
1653300323 53291.0
1653300324 53291.0
1653300325 53291.0
1653300326 53291.0
1653300327 53291.0
1653300328 53291.0
1653300329 53291.0
1653300330 53291.0
1653300331 53291.0
1653300332 53291.0
1653300333 53291.0
1653300334 53291.0
1653300335 53291.0
1653300336 53291.0
1653300337 53291.0
1653300338 53291.0
1653300339 53291.0
1653300340 53291.0
1653300341 53291.0
1653300342 53291.0
1653300343 53291.0
1653300344 53291.0
1653300345 53291.0
1653300346 53291.0
1653300347 53291.0
1653300348 53291.0
1653300349 53291.0
1653300350 53291.0
1653300351 53291.0
1653300352 53291.0
1653300353 53291.0
1653300354 53291.0
1653300355 53291.0
1653300356 53291.0
1653300357 53291.0
1653300358 53291.0
1653300359 53291.0
1653300360 53291.0
1653300361 53291.0
1653300362 53291.0
1653300363 53291.0
1653300364 53291.0
1653300365 53291.0
1653300366 53291.0
1653300367 53291.0
1653300368 53291.0
1653300369 53291.0
1653300370 53291.0
1653300371 53291.0
1653300372 None
