1650018496 1475.0
1650018497 1475.0
1650018498 1475.0
1650018499 1475.0
1650018500 1475.0
1650018501 1475.0
1650018502 1475.0
1650018503 1475.0
1650018504 1475.0
1650018505 1475.0
1650018506 1475.0
1650018507 1475.0
1650018508 1475.0
1650018509 1475.0
1650018510 1475.0
1650018511 1475.0
1650018512 1475.0
1650018513 1475.0
1650018514 1475.0
1650018515 1475.0
1650018516 1475.0
1650018517 1475.0
1650018518 1475.0
1650018519 1475.0
1650018520 1475.0
1650018521 1475.0
1650018522 1475.0
1650018523 1475.0
1650018524 1475.0
1650018525 1475.0
1650018526 1475.0
1650018527 1475.0
1650018528 1475.0
1650018529 1475.0
1650018530 1475.0
1650018531 1475.0
1650018532 1475.0
1650018533 1475.0
1650018534 1475.0
1650018535 1475.0
1650018536 1475.0
1650018537 1475.0
1650018538 1475.0
1650018539 1475.0
1650018540 1475.0
1650018541 1475.0
1650018542 1475.0
1650018543 1475.0
1650018544 1475.0
1650018545 1475.0
1650018546 1475.0
1650018547 1475.0
1650018548 1475.0
1650018549 1475.0
1650018550 1475.0
1650018551 1475.0
1650018552 1475.0
1650018553 1475.0
1650018554 None
1650018555 None
