1649675793 7.0
1649675794 8.0
1649675795 10.0
1649675796 10.0
1649675797 11.0
1649675798 12.0
1649675799 12.0
1649675800 14.0
1649675801 15.0
1649675802 16.0
1649675803 16.0
1649675804 16.0
1649675805 16.0
1649675806 18.0
1649675807 18.0
1649675808 19.0
1649675809 20.0
1649675810 22.0
1649675811 22.0
1649675812 23.0
1649675813 24.0
1649675814 25.0
1649675815 25.0
1649675816 26.0
1649675817 27.0
1649675818 27.0
1649675819 27.0
1649675820 28.0
1649675821 29.0
1649675822 30.0
1649675823 30.0
1649675824 31.0
1649675825 32.0
1649675826 32.0
1649675827 33.0
1649675828 34.0
1649675829 36.0
1649675830 36.0
1649675831 37.0
1649675832 37.0
1649675833 38.0
1649675834 38.0
1649675835 40.0
1649675836 41.0
1649675837 43.0
1649675838 43.0
1649675839 43.0
1649675840 44.0
1649675841 45.0
1649675842 45.0
1649675843 46.0
1649675844 48.0
1649675845 48.0
1649675846 49.0
1649675847 51.0
1649675848 51.0
1649675849 51.0
1649675850 None
1649675851 None
1649675852 None
