1650018496 2686.0
1650018497 2686.0
1650018498 2686.0
1650018499 2686.0
1650018500 2686.0
1650018501 2686.0
1650018502 2686.0
1650018503 2686.0
1650018504 2686.0
1650018505 2686.0
1650018506 2686.0
1650018507 2686.0
1650018508 2686.0
1650018509 2686.0
1650018510 2686.0
1650018511 2686.0
1650018512 2686.0
1650018513 2686.0
1650018514 2686.0
1650018515 2686.0
1650018516 2686.0
1650018517 2686.0
1650018518 2686.0
1650018519 2686.0
1650018520 2686.0
1650018521 2686.0
1650018522 2686.0
1650018523 2686.0
1650018524 2686.0
1650018525 2686.0
1650018526 2686.0
1650018527 2686.0
1650018528 2686.0
1650018529 2686.0
1650018530 2686.0
1650018531 2686.0
1650018532 2686.0
1650018533 2686.0
1650018534 2686.0
1650018535 2686.0
1650018536 2686.0
1650018537 2686.0
1650018538 2686.0
1650018539 2686.0
1650018540 2686.0
1650018541 2686.0
1650018542 2686.0
1650018543 2686.0
1650018544 2686.0
1650018545 2686.0
1650018546 2686.0
1650018547 2686.0
1650018548 2686.0
1650018549 2686.0
1650018550 2686.0
1650018551 2686.0
1650018552 2686.0
1650018553 2686.0
1650018554 None
1650018555 None
