1649416254 235.0
1649416255 235.0
1649416256 235.0
1649416257 235.0
1649416258 235.0
1649416259 235.0
1649416260 235.0
1649416261 235.0
1649416262 235.0
1649416263 235.0
1649416264 235.0
1649416265 235.0
1649416266 235.0
1649416267 235.0
1649416268 235.0
1649416269 235.0
1649416270 235.0
1649416271 235.0
1649416272 235.0
1649416273 235.0
1649416274 235.0
1649416275 235.0
1649416276 235.0
1649416277 235.0
1649416278 235.0
1649416279 235.0
1649416280 235.0
1649416281 235.0
1649416282 235.0
1649416283 235.0
1649416284 235.0
1649416285 235.0
1649416286 235.0
1649416287 235.0
1649416288 235.0
1649416289 235.0
1649416290 235.0
1649416291 235.0
1649416292 235.0
1649416293 235.0
1649416294 235.0
1649416295 235.0
1649416296 235.0
1649416297 235.0
1649416298 235.0
1649416299 235.0
1649416300 235.0
1649416301 235.0
1649416302 235.0
1649416303 235.0
1649416304 235.0
1649416305 235.0
1649416306 235.0
1649416307 235.0
1649416308 235.0
1649416309 235.0
1649416310 235.0
1649416311 235.0
1649416312 None
1649416313 None
