1650018496 1258.0
1650018497 1258.0
1650018498 1258.0
1650018499 1258.0
1650018500 1258.0
1650018501 1258.0
1650018502 1258.0
1650018503 1258.0
1650018504 1258.0
1650018505 1258.0
1650018506 1258.0
1650018507 1258.0
1650018508 1258.0
1650018509 1258.0
1650018510 1258.0
1650018511 1258.0
1650018512 1258.0
1650018513 1258.0
1650018514 1258.0
1650018515 1258.0
1650018516 1258.0
1650018517 1258.0
1650018518 1258.0
1650018519 1258.0
1650018520 1258.0
1650018521 1258.0
1650018522 1258.0
1650018523 1258.0
1650018524 1258.0
1650018525 1258.0
1650018526 1258.0
1650018527 1258.0
1650018528 1258.0
1650018529 1258.0
1650018530 1258.0
1650018531 1258.0
1650018532 1258.0
1650018533 1258.0
1650018534 1258.0
1650018535 1258.0
1650018536 1258.0
1650018537 1258.0
1650018538 1258.0
1650018539 1258.0
1650018540 1258.0
1650018541 1258.0
1650018542 1258.0
1650018543 1258.0
1650018544 1258.0
1650018545 1258.0
1650018546 1258.0
1650018547 1258.0
1650018548 1258.0
1650018549 1258.0
1650018550 1258.0
1650018551 1258.0
1650018552 1258.0
1650018553 1258.0
1650018554 None
1650018555 None
