1649758188 1169.0
1649758189 1169.0
1649758190 1169.0
1649758191 1169.0
1649758192 1169.0
1649758193 1169.0
1649758194 1169.0
1649758195 1169.0
1649758196 1169.0
1649758197 1169.0
1649758198 1169.0
1649758199 1169.0
1649758200 1169.0
1649758201 1169.0
1649758202 1169.0
1649758203 1169.0
1649758204 1169.0
1649758205 1169.0
1649758206 1169.0
1649758207 1169.0
1649758208 1169.0
1649758209 1169.0
1649758210 1169.0
1649758211 1169.0
1649758212 1169.0
1649758213 1169.0
1649758214 1169.0
1649758215 1169.0
1649758216 1169.0
1649758217 1169.0
1649758218 1169.0
1649758219 1169.0
1649758220 1169.0
1649758221 1169.0
1649758222 1169.0
1649758223 1169.0
1649758224 1169.0
1649758225 1169.0
1649758226 1169.0
1649758227 1169.0
1649758228 1169.0
1649758229 1169.0
1649758230 1169.0
1649758231 1169.0
1649758232 1169.0
1649758233 1169.0
1649758234 1169.0
1649758235 1169.0
1649758236 1169.0
1649758237 1169.0
1649758238 1169.0
1649758239 1169.0
1649758240 1169.0
1649758241 1169.0
1649758242 1169.0
1649758243 1169.0
1649758244 None
1649758245 None
1649758246 None
1649758247 None
