1649416255 5797.0
1649416256 5797.0
1649416257 5797.0
1649416258 5797.0
1649416259 5797.0
1649416260 5797.0
1649416261 5797.0
1649416262 5797.0
1649416263 5797.0
1649416264 5797.0
1649416265 5797.0
1649416266 5797.0
1649416267 5797.0
1649416268 5797.0
1649416269 5797.0
1649416270 5797.0
1649416271 5797.0
1649416272 5797.0
1649416273 5797.0
1649416274 5797.0
1649416275 5797.0
1649416276 5797.0
1649416277 5797.0
1649416278 5797.0
1649416279 5797.0
1649416280 5797.0
1649416281 5797.0
1649416282 5797.0
1649416283 5797.0
1649416284 5797.0
1649416285 5797.0
1649416286 5797.0
1649416287 5797.0
1649416288 5797.0
1649416289 5797.0
1649416290 5797.0
1649416291 5797.0
1649416292 5797.0
1649416293 5797.0
1649416294 5797.0
1649416295 5797.0
1649416296 5797.0
1649416297 5797.0
1649416298 5797.0
1649416299 5797.0
1649416300 5797.0
1649416301 5797.0
1649416302 5797.0
1649416303 5797.0
1649416304 5797.0
1649416305 5797.0
1649416306 5797.0
1649416307 5797.0
1649416308 5797.0
1649416309 5797.0
1649416310 5797.0
1649416311 5797.0
1649416312 None
1649416313 None
1649416314 None
