1649675792 1108.0
1649675793 1108.0
1649675794 1108.0
1649675795 1108.0
1649675796 1108.0
1649675797 1108.0
1649675798 1108.0
1649675799 1108.0
1649675800 1108.0
1649675801 1108.0
1649675802 1108.0
1649675803 1108.0
1649675804 1108.0
1649675805 1108.0
1649675806 1108.0
1649675807 1108.0
1649675808 1108.0
1649675809 1108.0
1649675810 1108.0
1649675811 1108.0
1649675812 1108.0
1649675813 1108.0
1649675814 1108.0
1649675815 1108.0
1649675816 1108.0
1649675817 1108.0
1649675818 1108.0
1649675819 1108.0
1649675820 1108.0
1649675821 1108.0
1649675822 1108.0
1649675823 1108.0
1649675824 1108.0
1649675825 1108.0
1649675826 1108.0
1649675827 1108.0
1649675828 1108.0
1649675829 1108.0
1649675830 1108.0
1649675831 1108.0
1649675832 1108.0
1649675833 1108.0
1649675834 1108.0
1649675835 1108.0
1649675836 1108.0
1649675837 1108.0
1649675838 1108.0
1649675839 1108.0
1649675840 1108.0
1649675841 1108.0
1649675842 1108.0
1649675843 1108.0
1649675844 1108.0
1649675845 1108.0
1649675846 1108.0
1649675847 1108.0
1649675848 1108.0
1649675849 1108.0
1649675850 None
1649675851 None
