1649416254 902.0
1649416255 902.0
1649416256 902.0
1649416257 902.0
1649416258 902.0
1649416259 902.0
1649416260 902.0
1649416261 902.0
1649416262 902.0
1649416263 902.0
1649416264 902.0
1649416265 902.0
1649416266 902.0
1649416267 902.0
1649416268 902.0
1649416269 902.0
1649416270 902.0
1649416271 902.0
1649416272 902.0
1649416273 902.0
1649416274 902.0
1649416275 902.0
1649416276 902.0
1649416277 902.0
1649416278 902.0
1649416279 902.0
1649416280 902.0
1649416281 902.0
1649416282 902.0
1649416283 902.0
1649416284 902.0
1649416285 902.0
1649416286 902.0
1649416287 902.0
1649416288 902.0
1649416289 902.0
1649416290 902.0
1649416291 902.0
1649416292 902.0
1649416293 902.0
1649416294 902.0
1649416295 902.0
1649416296 902.0
1649416297 902.0
1649416298 902.0
1649416299 902.0
1649416300 902.0
1649416301 902.0
1649416302 902.0
1649416303 902.0
1649416304 902.0
1649416305 902.0
1649416306 902.0
1649416307 902.0
1649416308 902.0
1649416309 902.0
1649416310 902.0
1649416311 902.0
1649416312 None
1649416313 None
