1649675793 25.0
1649675794 26.0
1649675795 29.0
1649675796 29.0
1649675797 31.0
1649675798 31.0
1649675799 31.0
1649675800 31.0
1649675801 32.0
1649675802 32.0
1649675803 32.0
1649675804 34.0
1649675805 36.0
1649675806 36.0
1649675807 36.0
1649675808 39.0
1649675809 40.0
1649675810 42.0
1649675811 42.0
1649675812 43.0
1649675813 43.0
1649675814 44.0
1649675815 44.0
1649675816 47.0
1649675817 47.0
1649675818 47.0
1649675819 47.0
1649675820 49.0
1649675821 49.0
1649675822 51.0
1649675823 51.0
1649675824 53.0
1649675825 54.0
1649675826 54.0
1649675827 54.0
1649675828 54.0
1649675829 55.0
1649675830 55.0
1649675831 56.0
1649675832 57.0
1649675833 58.0
1649675834 58.0
1649675835 59.0
1649675836 61.0
1649675837 64.0
1649675838 64.0
1649675839 65.0
1649675840 67.0
1649675841 67.0
1649675842 67.0
1649675843 67.0
1649675844 68.0
1649675845 68.0
1649675846 68.0
1649675847 68.0
1649675848 68.0
1649675849 68.0
1649675850 None
1649675851 None
1649675852 None
