1649675792 55.0
1649675793 59.0
1649675794 62.0
1649675795 64.0
1649675796 64.0
1649675797 67.0
1649675798 71.0
1649675799 71.0
1649675800 76.0
1649675801 80.0
1649675802 83.0
1649675803 83.0
1649675804 87.0
1649675805 90.0
1649675806 93.0
1649675807 93.0
1649675808 96.0
1649675809 100.0
1649675810 103.0
1649675811 103.0
1649675812 107.0
1649675813 112.0
1649675814 114.0
1649675815 114.0
1649675816 116.0
1649675817 121.0
1649675818 125.0
1649675819 125.0
1649675820 130.0
1649675821 135.0
1649675822 138.0
1649675823 138.0
1649675824 141.0
1649675825 143.0
1649675826 143.0
1649675827 149.0
1649675828 154.0
1649675829 157.0
1649675830 157.0
1649675831 162.0
1649675832 165.0
1649675833 169.0
1649675834 169.0
1649675835 173.0
1649675836 176.0
1649675837 177.0
1649675838 177.0
1649675839 182.0
1649675840 184.0
1649675841 189.0
1649675842 189.0
1649675843 194.0
1649675844 197.0
1649675845 197.0
1649675846 202.0
1649675847 206.0
1649675848 208.0
1649675849 208.0
1649675850 None
1649675851 None
