1649416255 10.0
1649416256 10.0
1649416257 12.0
1649416258 12.0
1649416259 13.0
1649416260 13.0
1649416261 13.0
1649416262 14.0
1649416263 14.0
1649416264 14.0
1649416265 15.0
1649416266 16.0
1649416267 16.0
1649416268 18.0
1649416269 18.0
1649416270 19.0
1649416271 19.0
1649416272 19.0
1649416273 19.0
1649416274 21.0
1649416275 21.0
1649416276 21.0
1649416277 21.0
1649416278 23.0
1649416279 23.0
1649416280 24.0
1649416281 25.0
1649416282 27.0
1649416283 27.0
1649416284 29.0
1649416285 29.0
1649416286 30.0
1649416287 30.0
1649416288 31.0
1649416289 32.0
1649416290 32.0
1649416291 32.0
1649416292 32.0
1649416293 32.0
1649416294 32.0
1649416295 32.0
1649416296 33.0
1649416297 34.0
1649416298 34.0
1649416299 34.0
1649416300 36.0
1649416301 38.0
1649416302 38.0
1649416303 38.0
1649416304 39.0
1649416305 39.0
1649416306 39.0
1649416307 40.0
1649416308 42.0
1649416309 42.0
1649416310 43.0
1649416311 43.0
1649416312 None
1649416313 None
1649416314 None
