1650018496 39.0
1650018497 39.0
1650018498 39.0
1650018499 39.0
1650018500 39.0
1650018501 39.0
1650018502 39.0
1650018503 39.0
1650018504 39.0
1650018505 39.0
1650018506 39.0
1650018507 39.0
1650018508 39.0
1650018509 39.0
1650018510 39.0
1650018511 39.0
1650018512 39.0
1650018513 39.0
1650018514 39.0
1650018515 39.0
1650018516 39.0
1650018517 39.0
1650018518 39.0
1650018519 39.0
1650018520 39.0
1650018521 39.0
1650018522 39.0
1650018523 39.0
1650018524 39.0
1650018525 39.0
1650018526 39.0
1650018527 39.0
1650018528 39.0
1650018529 39.0
1650018530 39.0
1650018531 39.0
1650018532 39.0
1650018533 39.0
1650018534 39.0
1650018535 39.0
1650018536 39.0
1650018537 39.0
1650018538 39.0
1650018539 39.0
1650018540 39.0
1650018541 39.0
1650018542 39.0
1650018543 39.0
1650018544 39.0
1650018545 39.0
1650018546 39.0
1650018547 39.0
1650018548 39.0
1650018549 39.0
1650018550 39.0
1650018551 39.0
1650018552 39.0
1650018553 39.0
1650018554 None
1650018555 None
