1649675793 3025.0
1649675794 3025.0
1649675795 3025.0
1649675796 3025.0
1649675797 3025.0
1649675798 3025.0
1649675799 3025.0
1649675800 3025.0
1649675801 3025.0
1649675802 3025.0
1649675803 3025.0
1649675804 3025.0
1649675805 3025.0
1649675806 3025.0
1649675807 3025.0
1649675808 3025.0
1649675809 3025.0
1649675810 3025.0
1649675811 3025.0
1649675812 3025.0
1649675813 3025.0
1649675814 3025.0
1649675815 3025.0
1649675816 3025.0
1649675817 3025.0
1649675818 3025.0
1649675819 3025.0
1649675820 3025.0
1649675821 3025.0
1649675822 3025.0
1649675823 3025.0
1649675824 3025.0
1649675825 3025.0
1649675826 3025.0
1649675827 3025.0
1649675828 3025.0
1649675829 3025.0
1649675830 3025.0
1649675831 3025.0
1649675832 3025.0
1649675833 3025.0
1649675834 3025.0
1649675835 3025.0
1649675836 3025.0
1649675837 3025.0
1649675838 3025.0
1649675839 3025.0
1649675840 3025.0
1649675841 3025.0
1649675842 3025.0
1649675843 3025.0
1649675844 3025.0
1649675845 3025.0
1649675846 3025.0
1649675847 3025.0
1649675848 3025.0
1649675849 3025.0
1649675850 None
1649675851 None
1649675852 None
