1651508711 9.0
1651508712 10.0
1651508713 10.0
1651508714 10.0
1651508715 10.0
1651508716 10.0
1651508717 10.0
1651508718 12.0
1651508719 13.0
1651508720 13.0
1651508721 13.0
1651508722 15.0
1651508723 16.0
1651508724 16.0
1651508725 16.0
1651508726 18.0
1651508727 19.0
1651508728 19.0
1651508729 19.0
1651508730 21.0
1651508731 21.0
1651508732 21.0
1651508733 21.0
1651508734 22.0
1651508735 22.0
1651508736 23.0
1651508737 23.0
1651508738 23.0
1651508739 24.0
1651508740 25.0
1651508741 25.0
1651508742 25.0
1651508743 26.0
1651508744 28.0
1651508745 28.0
1651508746 29.0
1651508747 30.0
1651508748 31.0
1651508749 31.0
1651508750 33.0
1651508751 34.0
1651508752 35.0
1651508753 35.0
1651508754 37.0
1651508755 37.0
1651508756 37.0
1651508757 37.0
1651508758 38.0
1651508759 39.0
1651508760 39.0
1651508761 39.0
1651508762 40.0
1651508763 40.0
1651508764 40.0
1651508765 41.0
1651508766 41.0
1651508767 41.0
1651508768 41.0
1651508769 None
1651508770 None
