1652216108 1514.0
1652216109 1514.0
1652216110 1514.0
1652216111 1514.0
1652216112 1514.0
1652216113 1514.0
1652216114 1514.0
1652216115 1514.0
1652216116 1514.0
1652216117 1514.0
1652216118 1514.0
1652216119 1514.0
1652216120 1514.0
1652216121 1514.0
1652216122 1514.0
1652216123 1514.0
1652216124 1514.0
1652216125 1514.0
1652216126 1514.0
1652216127 1514.0
1652216128 1514.0
1652216129 1514.0
1652216130 1514.0
1652216131 1514.0
1652216132 1514.0
1652216133 1514.0
1652216134 1514.0
1652216135 1514.0
1652216136 1514.0
1652216137 1514.0
1652216138 1514.0
1652216139 1514.0
1652216140 1514.0
1652216141 1514.0
1652216142 1514.0
1652216143 1514.0
1652216144 1514.0
1652216145 1514.0
1652216146 1514.0
1652216147 1514.0
1652216148 1514.0
1652216149 1514.0
1652216150 1514.0
1652216151 1514.0
1652216152 1514.0
1652216153 1514.0
1652216154 1514.0
1652216155 1514.0
1652216156 1514.0
1652216157 1514.0
1652216158 1514.0
1652216159 1514.0
1652216160 1514.0
1652216161 1514.0
1652216162 1514.0
1652216163 1514.0
1652216164 1514.0
1652216165 1514.0
1652216166 1514.0
1652216167 None
