1651508711 1187.0
1651508712 1187.0
1651508713 1187.0
1651508714 1187.0
1651508715 1187.0
1651508716 1187.0
1651508717 1187.0
1651508718 1187.0
1651508719 1187.0
1651508720 1187.0
1651508721 1187.0
1651508722 1187.0
1651508723 1187.0
1651508724 1187.0
1651508725 1187.0
1651508726 1187.0
1651508727 1187.0
1651508728 1187.0
1651508729 1187.0
1651508730 1187.0
1651508731 1187.0
1651508732 1187.0
1651508733 1187.0
1651508734 1187.0
1651508735 1187.0
1651508736 1187.0
1651508737 1187.0
1651508738 1187.0
1651508739 1187.0
1651508740 1187.0
1651508741 1187.0
1651508742 1187.0
1651508743 1187.0
1651508744 1187.0
1651508745 1187.0
1651508746 1187.0
1651508747 1187.0
1651508748 1187.0
1651508749 1187.0
1651508750 1187.0
1651508751 1187.0
1651508752 1187.0
1651508753 1187.0
1651508754 1187.0
1651508755 1187.0
1651508756 1187.0
1651508757 1187.0
1651508758 1187.0
1651508759 1187.0
1651508760 1187.0
1651508761 1187.0
1651508762 1187.0
1651508763 1187.0
1651508764 1187.0
1651508765 1187.0
1651508766 1187.0
1651508767 1187.0
1651508768 1187.0
1651508769 None
1651508770 None
