1651508711 3026.0
1651508712 3026.0
1651508713 3026.0
1651508714 3026.0
1651508715 3026.0
1651508716 3026.0
1651508717 3026.0
1651508718 3026.0
1651508719 3026.0
1651508720 3026.0
1651508721 3026.0
1651508722 3026.0
1651508723 3026.0
1651508724 3026.0
1651508725 3026.0
1651508726 3026.0
1651508727 3026.0
1651508728 3026.0
1651508729 3026.0
1651508730 3026.0
1651508731 3026.0
1651508732 3026.0
1651508733 3026.0
1651508734 3026.0
1651508735 3026.0
1651508736 3026.0
1651508737 3026.0
1651508738 3026.0
1651508739 3026.0
1651508740 3026.0
1651508741 3026.0
1651508742 3026.0
1651508743 3026.0
1651508744 3026.0
1651508745 3026.0
1651508746 3026.0
1651508747 3026.0
1651508748 3026.0
1651508749 3026.0
1651508750 3026.0
1651508751 3026.0
1651508752 3026.0
1651508753 3026.0
1651508754 3026.0
1651508755 3026.0
1651508756 3026.0
1651508757 3026.0
1651508758 3026.0
1651508759 3026.0
1651508760 3026.0
1651508761 3026.0
1651508762 3026.0
1651508763 3026.0
1651508764 3026.0
1651508765 3026.0
1651508766 3026.0
1651508767 3026.0
1651508768 3026.0
1651508769 None
1651508770 None
