1651508710 1481.0
1651508711 1481.0
1651508712 1481.0
1651508713 1481.0
1651508714 1481.0
1651508715 1481.0
1651508716 1481.0
1651508717 1481.0
1651508718 1481.0
1651508719 1481.0
1651508720 1481.0
1651508721 1481.0
1651508722 1481.0
1651508723 1481.0
1651508724 1481.0
1651508725 1481.0
1651508726 1481.0
1651508727 1481.0
1651508728 1481.0
1651508729 1481.0
1651508730 1481.0
1651508731 1481.0
1651508732 1481.0
1651508733 1481.0
1651508734 1481.0
1651508735 1481.0
1651508736 1481.0
1651508737 1481.0
1651508738 1481.0
1651508739 1481.0
1651508740 1481.0
1651508741 1481.0
1651508742 1481.0
1651508743 1481.0
1651508744 1481.0
1651508745 1481.0
1651508746 1481.0
1651508747 1481.0
1651508748 1481.0
1651508749 1481.0
1651508750 1481.0
1651508751 1481.0
1651508752 1481.0
1651508753 1481.0
1651508754 1481.0
1651508755 1481.0
1651508756 1481.0
1651508757 1481.0
1651508758 1481.0
1651508759 1481.0
1651508760 1481.0
1651508761 1481.0
1651508762 1481.0
1651508763 1481.0
1651508764 1481.0
1651508765 1481.0
1651508766 1481.0
1651508767 1481.0
1651508768 1481.0
1651508769 None
