1652690895 39.0
1652690896 39.0
1652690897 39.0
1652690898 39.0
1652690899 39.0
1652690900 39.0
1652690901 39.0
1652690902 39.0
1652690903 39.0
1652690904 39.0
1652690905 39.0
1652690906 39.0
1652690907 39.0
1652690908 39.0
1652690909 39.0
1652690910 39.0
1652690911 39.0
1652690912 39.0
1652690913 39.0
1652690914 39.0
1652690915 39.0
1652690916 39.0
1652690917 39.0
1652690918 39.0
1652690919 39.0
1652690920 39.0
1652690921 39.0
1652690922 39.0
1652690923 39.0
1652690924 39.0
1652690925 39.0
1652690926 39.0
1652690927 39.0
1652690928 39.0
1652690929 39.0
1652690930 39.0
1652690931 39.0
1652690932 39.0
1652690933 39.0
1652690934 39.0
1652690935 39.0
1652690936 39.0
1652690937 39.0
1652690938 39.0
1652690939 39.0
1652690940 39.0
1652690941 39.0
1652690942 39.0
1652690943 39.0
1652690944 39.0
1652690945 39.0
1652690946 39.0
1652690947 39.0
1652690948 39.0
1652690949 39.0
1652690950 39.0
1652690951 39.0
1652690952 None
1652690953 None
1652690954 None
