1650534591 5797.0
1650534592 5797.0
1650534593 5797.0
1650534594 5797.0
1650534595 5797.0
1650534596 5797.0
1650534597 5797.0
1650534598 5797.0
1650534599 5797.0
1650534600 5797.0
1650534601 5797.0
1650534602 5797.0
1650534603 5797.0
1650534604 5797.0
1650534605 5797.0
1650534606 5797.0
1650534607 5797.0
1650534608 5797.0
1650534609 5797.0
1650534610 5797.0
1650534611 5797.0
1650534612 5797.0
1650534613 5797.0
1650534614 5797.0
1650534615 5797.0
1650534616 5797.0
1650534617 5797.0
1650534618 5797.0
1650534619 5797.0
1650534620 5797.0
1650534621 5797.0
1650534622 5797.0
1650534623 5797.0
1650534624 5797.0
1650534625 5797.0
1650534626 5797.0
1650534627 5797.0
1650534628 5797.0
1650534629 5797.0
1650534630 5797.0
1650534631 5797.0
1650534632 5797.0
1650534633 5797.0
1650534634 5797.0
1650534635 5797.0
1650534636 5797.0
1650534637 5797.0
1650534638 5797.0
1650534639 5797.0
1650534640 5797.0
1650534641 5797.0
1650534642 5797.0
1650534643 5797.0
1650534644 5797.0
1650534645 5797.0
1650534646 5797.0
1650534647 5797.0
1650534648 5797.0
1650534649 5797.0
1650534650 None
