1650553141 8.0
1650553142 10.0
1650553143 10.0
1650553144 11.0
1650553145 12.0
1650553146 14.0
1650553147 14.0
1650553148 15.0
1650553149 16.0
1650553150 17.0
1650553151 17.0
1650553152 17.0
1650553153 18.0
1650553154 18.0
1650553155 19.0
1650553156 20.0
1650553157 22.0
1650553158 22.0
1650553159 22.0
1650553160 24.0
1650553161 25.0
1650553162 25.0
1650553163 25.0
1650553164 26.0
1650553165 27.0
1650553166 27.0
1650553167 29.0
1650553168 30.0
1650553169 30.0
1650553170 30.0
1650553171 31.0
1650553172 32.0
1650553173 32.0
1650553174 33.0
1650553175 35.0
1650553176 36.0
1650553177 36.0
1650553178 38.0
1650553179 39.0
1650553180 40.0
1650553181 40.0
1650553182 41.0
1650553183 43.0
1650553184 43.0
1650553185 43.0
1650553186 44.0
1650553187 45.0
1650553188 46.0
1650553189 46.0
1650553190 47.0
1650553191 49.0
1650553192 50.0
1650553193 50.0
1650553194 51.0
1650553195 52.0
1650553196 53.0
1650553197 53.0
1650553198 53.0
1650553199 None
1650553200 None
