1651508710 234.0
1651508711 234.0
1651508712 234.0
1651508713 234.0
1651508714 234.0
1651508715 234.0
1651508716 234.0
1651508717 234.0
1651508718 234.0
1651508719 234.0
1651508720 234.0
1651508721 234.0
1651508722 234.0
1651508723 234.0
1651508724 234.0
1651508725 234.0
1651508726 234.0
1651508727 234.0
1651508728 234.0
1651508729 234.0
1651508730 234.0
1651508731 234.0
1651508732 234.0
1651508733 234.0
1651508734 234.0
1651508735 234.0
1651508736 234.0
1651508737 234.0
1651508738 234.0
1651508739 234.0
1651508740 234.0
1651508741 234.0
1651508742 234.0
1651508743 234.0
1651508744 234.0
1651508745 234.0
1651508746 234.0
1651508747 234.0
1651508748 234.0
1651508749 234.0
1651508750 234.0
1651508751 234.0
1651508752 234.0
1651508753 234.0
1651508754 234.0
1651508755 234.0
1651508756 234.0
1651508757 234.0
1651508758 234.0
1651508759 234.0
1651508760 234.0
1651508761 234.0
1651508762 234.0
1651508763 234.0
1651508764 234.0
1651508765 234.0
1651508766 234.0
1651508767 234.0
1651508768 234.0
1651508769 None
