1652690895 36.0
1652690896 40.0
1652690897 41.0
1652690898 43.0
1652690899 43.0
1652690900 45.0
1652690901 47.0
1652690902 51.0
1652690903 51.0
1652690904 55.0
1652690905 57.0
1652690906 60.0
1652690907 60.0
1652690908 62.0
1652690909 64.0
1652690910 66.0
1652690911 66.0
1652690912 68.0
1652690913 68.0
1652690914 73.0
1652690915 77.0
1652690916 80.0
1652690917 80.0
1652690918 83.0
1652690919 86.0
1652690920 86.0
1652690921 89.0
1652690922 91.0
1652690923 93.0
1652690924 93.0
1652690925 95.0
1652690926 98.0
1652690927 100.0
1652690928 100.0
1652690929 104.0
1652690930 107.0
1652690931 109.0
1652690932 109.0
1652690933 111.0
1652690934 113.0
1652690935 115.0
1652690936 115.0
1652690937 119.0
1652690938 121.0
1652690939 123.0
1652690940 123.0
1652690941 126.0
1652690942 127.0
1652690943 127.0
1652690944 131.0
1652690945 133.0
1652690946 135.0
1652690947 135.0
1652690948 138.0
1652690949 141.0
1652690950 143.0
1652690951 143.0
1652690952 None
1652690953 None
1652690954 None
