1650534591 1307.0
1650534592 1307.0
1650534593 1307.0
1650534594 1307.0
1650534595 1307.0
1650534596 1307.0
1650534597 1307.0
1650534598 1307.0
1650534599 1307.0
1650534600 1307.0
1650534601 1307.0
1650534602 1307.0
1650534603 1307.0
1650534604 1307.0
1650534605 1307.0
1650534606 1307.0
1650534607 1307.0
1650534608 1307.0
1650534609 1307.0
1650534610 1307.0
1650534611 1307.0
1650534612 1307.0
1650534613 1307.0
1650534614 1307.0
1650534615 1307.0
1650534616 1307.0
1650534617 1307.0
1650534618 1307.0
1650534619 1307.0
1650534620 1307.0
1650534621 1307.0
1650534622 1307.0
1650534623 1307.0
1650534624 1307.0
1650534625 1307.0
1650534626 1307.0
1650534627 1307.0
1650534628 1307.0
1650534629 1307.0
1650534630 1307.0
1650534631 1307.0
1650534632 1307.0
1650534633 1307.0
1650534634 1307.0
1650534635 1307.0
1650534636 1307.0
1650534637 1307.0
1650534638 1307.0
1650534639 1307.0
1650534640 1307.0
1650534641 1307.0
1650534642 1307.0
1650534643 1307.0
1650534644 1307.0
1650534645 1307.0
1650534646 1307.0
1650534647 1307.0
1650534648 1307.0
1650534649 1307.0
1650534650 None
