1650380670 2686.0
1650380671 2686.0
1650380672 2686.0
1650380673 2686.0
1650380674 2686.0
1650380675 2686.0
1650380676 2686.0
1650380677 2686.0
1650380678 2686.0
1650380679 2686.0
1650380680 2686.0
1650380681 2686.0
1650380682 2686.0
1650380683 2686.0
1650380684 2686.0
1650380685 2686.0
1650380686 2686.0
1650380687 2686.0
1650380688 2686.0
1650380689 2686.0
1650380690 2686.0
1650380691 2686.0
1650380692 2686.0
1650380693 2686.0
1650380694 2686.0
1650380695 2686.0
1650380696 2686.0
1650380697 2686.0
1650380698 2686.0
1650380699 2686.0
1650380700 2686.0
1650380701 2686.0
1650380702 2686.0
1650380703 2686.0
1650380704 2686.0
1650380705 2686.0
1650380706 2686.0
1650380707 2686.0
1650380708 2686.0
1650380709 2686.0
1650380710 2686.0
1650380711 2686.0
1650380712 2686.0
1650380713 2686.0
1650380714 2686.0
1650380715 2686.0
1650380716 2686.0
1650380717 2686.0
1650380718 2686.0
1650380719 2686.0
1650380720 2686.0
1650380721 2686.0
1650380722 2686.0
1650380723 2686.0
1650380724 2686.0
1650380725 2686.0
1650380726 2686.0
1650380727 2686.0
1650380728 2686.0
1650380729 None
