1652690894 28.0
1652690895 28.0
1652690896 29.0
1652690897 31.0
1652690898 33.0
1652690899 33.0
1652690900 36.0
1652690901 38.0
1652690902 39.0
1652690903 39.0
1652690904 39.0
1652690905 41.0
1652690906 42.0
1652690907 42.0
1652690908 45.0
1652690909 47.0
1652690910 51.0
1652690911 51.0
1652690912 52.0
1652690913 52.0
1652690914 53.0
1652690915 53.0
1652690916 53.0
1652690917 53.0
1652690918 55.0
1652690919 57.0
1652690920 57.0
1652690921 59.0
1652690922 61.0
1652690923 63.0
1652690924 63.0
1652690925 66.0
1652690926 67.0
1652690927 69.0
1652690928 69.0
1652690929 69.0
1652690930 71.0
1652690931 72.0
1652690932 72.0
1652690933 75.0
1652690934 77.0
1652690935 80.0
1652690936 80.0
1652690937 80.0
1652690938 82.0
1652690939 85.0
1652690940 85.0
1652690941 87.0
1652690942 89.0
1652690943 89.0
1652690944 90.0
1652690945 92.0
1652690946 94.0
1652690947 94.0
1652690948 96.0
1652690949 97.0
1652690950 97.0
1652690951 97.0
1652690952 None
1652690953 None
