1651135844 902.0
1651135845 902.0
1651135846 902.0
1651135847 902.0
1651135848 902.0
1651135849 902.0
1651135850 902.0
1651135851 902.0
1651135852 902.0
1651135853 902.0
1651135854 902.0
1651135855 902.0
1651135856 902.0
1651135857 902.0
1651135858 902.0
1651135859 902.0
1651135860 902.0
1651135861 902.0
1651135862 902.0
1651135863 902.0
1651135864 902.0
1651135865 902.0
1651135866 902.0
1651135867 902.0
1651135868 902.0
1651135869 902.0
1651135870 902.0
1651135871 902.0
1651135872 902.0
1651135873 902.0
1651135874 902.0
1651135875 902.0
1651135876 902.0
1651135877 902.0
1651135878 902.0
1651135879 902.0
1651135880 902.0
1651135881 902.0
1651135882 902.0
1651135883 902.0
1651135884 902.0
1651135885 902.0
1651135886 902.0
1651135887 902.0
1651135888 902.0
1651135889 902.0
1651135890 902.0
1651135891 902.0
1651135892 902.0
1651135893 902.0
1651135894 902.0
1651135895 902.0
1651135896 902.0
1651135897 902.0
1651135898 902.0
1651135899 902.0
1651135900 902.0
1651135901 None
1651135902 None
1651135903 None
