1651074544 13.0
1651074545 15.0
1651074546 16.0
1651074547 17.0
1651074548 17.0
1651074549 18.0
1651074550 18.0
1651074551 19.0
1651074552 19.0
1651074553 20.0
1651074554 21.0
1651074555 22.0
1651074556 22.0
1651074557 24.0
1651074558 25.0
1651074559 26.0
1651074560 26.0
1651074561 26.0
1651074562 26.0
1651074563 26.0
1651074564 26.0
1651074565 27.0
1651074566 27.0
1651074567 27.0
1651074568 27.0
1651074569 28.0
1651074570 29.0
1651074571 29.0
1651074572 29.0
1651074573 30.0
1651074574 31.0
1651074575 32.0
1651074576 32.0
1651074577 33.0
1651074578 34.0
1651074579 34.0
1651074580 34.0
1651074581 35.0
1651074582 37.0
1651074583 37.0
1651074584 37.0
1651074585 37.0
1651074586 39.0
1651074587 39.0
1651074588 39.0
1651074589 40.0
1651074590 42.0
1651074591 42.0
1651074592 43.0
1651074593 44.0
1651074594 45.0
1651074595 45.0
1651074596 46.0
1651074597 47.0
1651074598 48.0
1651074599 48.0
1651074600 48.0
1651074601 None
1651074602 None
1651074603 None
