1652193363 875.0
1652193364 875.0
1652193365 875.0
1652193366 875.0
1652193367 875.0
1652193368 875.0
1652193369 875.0
1652193370 875.0
1652193371 875.0
1652193372 875.0
1652193373 875.0
1652193374 875.0
1652193375 875.0
1652193376 875.0
1652193377 875.0
1652193378 875.0
1652193379 875.0
1652193380 875.0
1652193381 875.0
1652193382 875.0
1652193383 875.0
1652193384 875.0
1652193385 875.0
1652193386 875.0
1652193387 875.0
1652193388 875.0
1652193389 875.0
1652193390 875.0
1652193391 875.0
1652193392 875.0
1652193393 875.0
1652193394 875.0
1652193395 875.0
1652193396 875.0
1652193397 875.0
1652193398 875.0
1652193399 875.0
1652193400 875.0
1652193401 875.0
1652193402 875.0
1652193403 875.0
1652193404 875.0
1652193405 875.0
1652193406 875.0
1652193407 875.0
1652193408 875.0
1652193409 875.0
1652193410 875.0
1652193411 875.0
1652193412 875.0
1652193413 875.0
1652193414 875.0
1652193415 875.0
1652193416 875.0
1652193417 875.0
1652193418 875.0
1652193419 875.0
1652193420 875.0
1652193421 None
1652193422 None
