1651656231 2685.0
1651656232 2685.0
1651656233 2685.0
1651656234 2685.0
1651656235 2685.0
1651656236 2685.0
1651656237 2685.0
1651656238 2685.0
1651656239 2685.0
1651656240 2685.0
1651656241 2685.0
1651656242 2685.0
1651656243 2685.0
1651656244 2685.0
1651656245 2685.0
1651656246 2685.0
1651656247 2685.0
1651656248 2685.0
1651656249 2685.0
1651656250 2685.0
1651656251 2685.0
1651656252 2685.0
1651656253 2685.0
1651656254 2685.0
1651656255 2685.0
1651656256 2685.0
1651656257 2685.0
1651656258 2685.0
1651656259 2685.0
1651656260 2685.0
1651656261 2685.0
1651656262 2685.0
1651656263 2685.0
1651656264 2685.0
1651656265 2685.0
1651656266 2685.0
1651656267 2685.0
1651656268 2685.0
1651656269 2685.0
1651656270 2685.0
1651656271 2685.0
1651656272 2685.0
1651656273 2685.0
1651656274 2685.0
1651656275 2685.0
1651656276 2685.0
1651656277 2685.0
1651656278 2685.0
1651656279 2685.0
1651656280 2685.0
1651656281 2685.0
1651656282 2685.0
1651656283 2685.0
1651656284 2685.0
1651656285 2685.0
1651656286 2685.0
1651656287 2685.0
1651656288 2685.0
1651656289 None
1651656290 None
