1653906861 1491.0
1653906862 1491.0
1653906863 1491.0
1653906864 1491.0
1653906865 1491.0
1653906866 1491.0
1653906867 1491.0
1653906868 1491.0
1653906869 1491.0
1653906870 1491.0
1653906871 1491.0
1653906872 1491.0
1653906873 1491.0
1653906874 1491.0
1653906875 1491.0
1653906876 1491.0
1653906877 1491.0
1653906878 1491.0
1653906879 1491.0
1653906880 1491.0
1653906881 1491.0
1653906882 1491.0
1653906883 1491.0
1653906884 1491.0
1653906885 1491.0
1653906886 1491.0
1653906887 1491.0
1653906888 1491.0
1653906889 1491.0
1653906890 1491.0
1653906891 1491.0
1653906892 1491.0
1653906893 1491.0
1653906894 1491.0
1653906895 1491.0
1653906896 1491.0
1653906897 1491.0
1653906898 1491.0
1653906899 1491.0
1653906900 1491.0
1653906901 1491.0
1653906902 1491.0
1653906903 1491.0
1653906904 1491.0
1653906905 1491.0
1653906906 1491.0
1653906907 1491.0
1653906908 1491.0
1653906909 1491.0
1653906910 1491.0
1653906911 1491.0
1653906912 1491.0
1653906913 1491.0
1653906914 1491.0
1653906915 1491.0
1653906916 1491.0
1653906917 1491.0
1653906918 1491.0
1653906919 None
1653906920 None
