1651508697 235.0
1651508698 235.0
1651508699 235.0
1651508700 235.0
1651508701 235.0
1651508702 235.0
1651508703 235.0
1651508704 235.0
1651508705 235.0
1651508706 235.0
1651508707 235.0
1651508708 235.0
1651508709 235.0
1651508710 235.0
1651508711 235.0
1651508712 235.0
1651508713 235.0
1651508714 235.0
1651508715 235.0
1651508716 235.0
1651508717 235.0
1651508718 235.0
1651508719 235.0
1651508720 235.0
1651508721 235.0
1651508722 235.0
1651508723 235.0
1651508724 235.0
1651508725 235.0
1651508726 235.0
1651508727 235.0
1651508728 235.0
1651508729 235.0
1651508730 235.0
1651508731 235.0
1651508732 235.0
1651508733 235.0
1651508734 235.0
1651508735 235.0
1651508736 235.0
1651508737 235.0
1651508738 235.0
1651508739 235.0
1651508740 235.0
1651508741 235.0
1651508742 235.0
1651508743 235.0
1651508744 235.0
1651508745 235.0
1651508746 235.0
1651508747 235.0
1651508748 235.0
1651508749 235.0
1651508750 235.0
1651508751 235.0
1651508752 235.0
1651508753 235.0
1651508754 235.0
1651508755 None
1651508756 None
