1652193363 5772.0
1652193364 5772.0
1652193365 5772.0
1652193366 5772.0
1652193367 5772.0
1652193368 5772.0
1652193369 5772.0
1652193370 5772.0
1652193371 5772.0
1652193372 5772.0
1652193373 5772.0
1652193374 5772.0
1652193375 5772.0
1652193376 5772.0
1652193377 5772.0
1652193378 5772.0
1652193379 5772.0
1652193380 5772.0
1652193381 5772.0
1652193382 5772.0
1652193383 5772.0
1652193384 5772.0
1652193385 5772.0
1652193386 5772.0
1652193387 5772.0
1652193388 5772.0
1652193389 5772.0
1652193390 5772.0
1652193391 5772.0
1652193392 5772.0
1652193393 5772.0
1652193394 5772.0
1652193395 5772.0
1652193396 5772.0
1652193397 5772.0
1652193398 5772.0
1652193399 5772.0
1652193400 5772.0
1652193401 5772.0
1652193402 5772.0
1652193403 5772.0
1652193404 5772.0
1652193405 5772.0
1652193406 5772.0
1652193407 5772.0
1652193408 5772.0
1652193409 5772.0
1652193410 5772.0
1652193411 5772.0
1652193412 5772.0
1652193413 5772.0
1652193414 5772.0
1652193415 5772.0
1652193416 5772.0
1652193417 5772.0
1652193418 5772.0
1652193419 5772.0
1652193420 5772.0
1652193421 None
1652193422 None
