1650534358 1187.0
1650534359 1187.0
1650534360 1187.0
1650534361 1187.0
1650534362 1187.0
1650534363 1187.0
1650534364 1187.0
1650534365 1187.0
1650534366 1187.0
1650534367 1187.0
1650534368 1187.0
1650534369 1187.0
1650534370 1187.0
1650534371 1187.0
1650534372 1187.0
1650534373 1187.0
1650534374 1187.0
1650534375 1187.0
1650534376 1187.0
1650534377 1187.0
1650534378 1187.0
1650534379 1187.0
1650534380 1187.0
1650534381 1187.0
1650534382 1187.0
1650534383 1187.0
1650534384 1187.0
1650534385 1187.0
1650534386 1187.0
1650534387 1187.0
1650534388 1187.0
1650534389 1187.0
1650534390 1187.0
1650534391 1187.0
1650534392 1187.0
1650534393 1187.0
1650534394 1187.0
1650534395 1187.0
1650534396 1187.0
1650534397 1187.0
1650534398 1187.0
1650534399 1187.0
1650534400 1187.0
1650534401 1187.0
1650534402 1187.0
1650534403 1187.0
1650534404 1187.0
1650534405 1187.0
1650534406 1187.0
1650534407 1187.0
1650534408 1187.0
1650534409 1187.0
1650534410 1187.0
1650534411 1187.0
1650534412 1187.0
1650534413 1187.0
1650534414 1187.0
1650534415 None
1650534416 None
1650534417 None
