1651228468 41.0
1651228469 41.0
1651228470 43.0
1651228471 48.0
1651228472 51.0
1651228473 51.0
1651228474 52.0
1651228475 54.0
1651228476 58.0
1651228477 58.0
1651228478 61.0
1651228479 63.0
1651228480 63.0
1651228481 66.0
1651228482 67.0
1651228483 70.0
1651228484 70.0
1651228485 72.0
1651228486 77.0
1651228487 81.0
1651228488 81.0
1651228489 81.0
1651228490 85.0
1651228491 85.0
1651228492 88.0
1651228493 89.0
1651228494 93.0
1651228495 93.0
1651228496 96.0
1651228497 98.0
1651228498 103.0
1651228499 106.0
1651228500 106.0
1651228501 110.0
1651228502 110.0
1651228503 114.0
1651228504 114.0
1651228505 117.0
1651228506 121.0
1651228507 121.0
1651228508 122.0
1651228509 125.0
1651228510 129.0
1651228511 129.0
1651228512 132.0
1651228513 135.0
1651228514 139.0
1651228515 142.0
1651228516 142.0
1651228517 145.0
1651228518 149.0
1651228519 149.0
1651228520 153.0
1651228521 158.0
1651228522 160.0
1651228523 160.0
1651228524 163.0
1651228525 165.0
1651228526 None
1651228527 None
