1652084782 1099.0
1652084783 1099.0
1652084784 1099.0
1652084785 1099.0
1652084786 1099.0
1652084787 1099.0
1652084788 1099.0
1652084789 1099.0
1652084790 1099.0
1652084791 1099.0
1652084792 1099.0
1652084793 1099.0
1652084794 1099.0
1652084795 1099.0
1652084796 1099.0
1652084797 1099.0
1652084798 1099.0
1652084799 1099.0
1652084800 1099.0
1652084801 1099.0
1652084802 1099.0
1652084803 1099.0
1652084804 1099.0
1652084805 1099.0
1652084806 1099.0
1652084807 1099.0
1652084808 1099.0
1652084809 1099.0
1652084810 1099.0
1652084811 1099.0
1652084812 1099.0
1652084813 1099.0
1652084814 1099.0
1652084815 1099.0
1652084816 1099.0
1652084817 1099.0
1652084818 1099.0
1652084819 1099.0
1652084820 1099.0
1652084821 1099.0
1652084822 1099.0
1652084823 1099.0
1652084824 1099.0
1652084825 1099.0
1652084826 1099.0
1652084827 1099.0
1652084828 1099.0
1652084829 1099.0
1652084830 1099.0
1652084831 1099.0
1652084832 1099.0
1652084833 1099.0
1652084834 1099.0
1652084835 1099.0
1652084836 1099.0
1652084837 1099.0
1652084838 1099.0
1652084839 1099.0
1652084840 None
1652084841 None
