1652193364 3026.0
1652193365 3026.0
1652193366 3026.0
1652193367 3026.0
1652193368 3026.0
1652193369 3026.0
1652193370 3026.0
1652193371 3026.0
1652193372 3026.0
1652193373 3026.0
1652193374 3026.0
1652193375 3026.0
1652193376 3026.0
1652193377 3026.0
1652193378 3026.0
1652193379 3026.0
1652193380 3026.0
1652193381 3026.0
1652193382 3026.0
1652193383 3026.0
1652193384 3026.0
1652193385 3026.0
1652193386 3026.0
1652193387 3026.0
1652193388 3026.0
1652193389 3026.0
1652193390 3026.0
1652193391 3026.0
1652193392 3026.0
1652193393 3026.0
1652193394 3026.0
1652193395 3026.0
1652193396 3026.0
1652193397 3026.0
1652193398 3026.0
1652193399 3026.0
1652193400 3026.0
1652193401 3026.0
1652193402 3026.0
1652193403 3026.0
1652193404 3026.0
1652193405 3026.0
1652193406 3026.0
1652193407 3026.0
1652193408 3026.0
1652193409 3026.0
1652193410 3026.0
1652193411 3026.0
1652193412 3026.0
1652193413 3026.0
1652193414 3026.0
1652193415 3026.0
1652193416 3026.0
1652193417 3026.0
1652193418 3026.0
1652193419 3026.0
1652193420 3026.0
1652193421 None
1652193422 None
1652193423 None
