1653906861 8.0
1653906862 10.0
1653906863 12.0
1653906864 13.0
1653906865 13.0
1653906866 14.0
1653906867 15.0
1653906868 15.0
1653906869 15.0
1653906870 16.0
1653906871 17.0
1653906872 17.0
1653906873 19.0
1653906874 20.0
1653906875 20.0
1653906876 20.0
1653906877 21.0
1653906878 22.0
1653906879 24.0
1653906880 24.0
1653906881 25.0
1653906882 26.0
1653906883 26.0
1653906884 26.0
1653906885 27.0
1653906886 28.0
1653906887 29.0
1653906888 29.0
1653906889 30.0
1653906890 31.0
1653906891 31.0
1653906892 32.0
1653906893 32.0
1653906894 33.0
1653906895 33.0
1653906896 34.0
1653906897 34.0
1653906898 36.0
1653906899 36.0
1653906900 37.0
1653906901 38.0
1653906902 39.0
1653906903 39.0
1653906904 41.0
1653906905 43.0
1653906906 44.0
1653906907 44.0
1653906908 45.0
1653906909 46.0
1653906910 46.0
1653906911 47.0
1653906912 48.0
1653906913 49.0
1653906914 49.0
1653906915 51.0
1653906916 52.0
1653906917 52.0
1653906918 52.0
1653906919 None
1653906920 None
