1650380246 39.0
1650380247 39.0
1650380248 39.0
1650380249 39.0
1650380250 39.0
1650380251 39.0
1650380252 39.0
1650380253 39.0
1650380254 39.0
1650380255 39.0
1650380256 39.0
1650380257 39.0
1650380258 39.0
1650380259 39.0
1650380260 39.0
1650380261 39.0
1650380262 39.0
1650380263 39.0
1650380264 39.0
1650380265 39.0
1650380266 39.0
1650380267 39.0
1650380268 39.0
1650380269 39.0
1650380270 39.0
1650380271 39.0
1650380272 39.0
1650380273 39.0
1650380274 39.0
1650380275 39.0
1650380276 39.0
1650380277 39.0
1650380278 39.0
1650380279 39.0
1650380280 39.0
1650380281 39.0
1650380282 39.0
1650380283 39.0
1650380284 39.0
1650380285 39.0
1650380286 39.0
1650380287 39.0
1650380288 39.0
1650380289 39.0
1650380290 39.0
1650380291 39.0
1650380292 39.0
1650380293 39.0
1650380294 39.0
1650380295 39.0
1650380296 39.0
1650380297 39.0
1650380298 39.0
1650380299 39.0
1650380300 39.0
1650380301 39.0
1650380302 39.0
1650380303 39.0
1650380304 None
1650380305 None
