1650553119 1499.0
1650553120 1499.0
1650553121 1499.0
1650553122 1499.0
1650553123 1499.0
1650553124 1499.0
1650553125 1499.0
1650553126 1499.0
1650553127 1499.0
1650553128 1499.0
1650553129 1499.0
1650553130 1499.0
1650553131 1499.0
1650553132 1499.0
1650553133 1499.0
1650553134 1499.0
1650553135 1499.0
1650553136 1499.0
1650553137 1499.0
1650553138 1499.0
1650553139 1499.0
1650553140 1499.0
1650553141 1499.0
1650553142 1499.0
1650553143 1499.0
1650553144 1499.0
1650553145 1499.0
1650553146 1499.0
1650553147 1499.0
1650553148 1499.0
1650553149 1499.0
1650553150 1499.0
1650553151 1499.0
1650553152 1499.0
1650553153 1499.0
1650553154 1499.0
1650553155 1499.0
1650553156 1499.0
1650553157 1499.0
1650553158 1499.0
1650553159 1499.0
1650553160 1499.0
1650553161 1499.0
1650553162 1499.0
1650553163 1499.0
1650553164 1499.0
1650553165 1499.0
1650553166 1499.0
1650553167 1499.0
1650553168 1499.0
1650553169 1499.0
1650553170 1499.0
1650553171 1499.0
1650553172 1499.0
1650553173 1499.0
1650553174 1499.0
1650553175 1499.0
1650553176 1499.0
1650553177 None
1650553178 None
