1651164612 22.0
1651164613 23.0
1651164614 25.0
1651164615 27.0
1651164616 27.0
1651164617 28.0
1651164618 29.0
1651164619 31.0
1651164620 31.0
1651164621 32.0
1651164622 32.0
1651164623 34.0
1651164624 34.0
1651164625 35.0
1651164626 37.0
1651164627 37.0
1651164628 40.0
1651164629 41.0
1651164630 43.0
1651164631 43.0
1651164632 45.0
1651164633 47.0
1651164634 47.0
1651164635 47.0
1651164636 48.0
1651164637 49.0
1651164638 51.0
1651164639 51.0
1651164640 51.0
1651164641 53.0
1651164642 56.0
1651164643 56.0
1651164644 57.0
1651164645 60.0
1651164646 61.0
1651164647 61.0
1651164648 62.0
1651164649 64.0
1651164650 64.0
1651164651 64.0
1651164652 64.0
1651164653 65.0
1651164654 67.0
1651164655 67.0
1651164656 67.0
1651164657 67.0
1651164658 68.0
1651164659 68.0
1651164660 70.0
1651164661 70.0
1651164662 74.0
1651164663 74.0
1651164664 75.0
1651164665 76.0
1651164666 79.0
1651164667 79.0
1651164668 79.0
1651164669 None
1651164670 None
1651164671 None
