1651164679 1334.0
1651164680 1334.0
1651164681 1334.0
1651164682 1334.0
1651164683 1334.0
1651164684 1334.0
1651164685 1334.0
1651164686 1334.0
1651164687 1334.0
1651164688 1334.0
1651164689 1334.0
1651164690 1334.0
1651164691 1334.0
1651164692 1334.0
1651164693 1334.0
1651164694 1334.0
1651164695 1334.0
1651164696 1334.0
1651164697 1334.0
1651164698 1334.0
1651164699 1334.0
1651164700 1334.0
1651164701 1334.0
1651164702 1334.0
1651164703 1334.0
1651164704 1334.0
1651164705 1334.0
1651164706 1334.0
1651164707 1334.0
1651164708 1334.0
1651164709 1334.0
1651164710 1334.0
1651164711 1334.0
1651164712 1334.0
1651164713 1334.0
1651164714 1334.0
1651164715 1334.0
1651164716 1334.0
1651164717 1334.0
1651164718 1334.0
1651164719 1334.0
1651164720 1334.0
1651164721 1334.0
1651164722 1334.0
1651164723 1334.0
1651164724 1334.0
1651164725 1334.0
1651164726 1334.0
1651164727 1334.0
1651164728 1334.0
1651164729 1334.0
1651164730 1334.0
1651164731 1334.0
1651164732 1334.0
1651164733 1334.0
1651164734 1334.0
1651164735 1334.0
1651164736 1334.0
1651164737 1334.0
1651164738 1334.0
1651164739 1334.0
1651164740 1334.0
1651164741 1334.0
1651164742 1334.0
1651164743 1334.0
1651164744 1334.0
1651164745 1334.0
1651164746 1334.0
1651164747 1334.0
1651164748 1334.0
1651164749 1334.0
1651164750 1334.0
1651164751 1334.0
1651164752 1334.0
1651164753 1334.0
1651164754 1334.0
1651164755 1334.0
1651164756 1334.0
1651164757 1334.0
1651164758 1334.0
1651164759 1334.0
1651164760 1334.0
1651164761 1334.0
1651164762 1334.0
1651164763 1334.0
1651164764 1334.0
1651164765 1334.0
1651164766 1334.0
1651164767 1334.0
1651164768 1334.0
1651164769 1334.0
1651164770 1334.0
1651164771 1334.0
1651164772 1334.0
1651164773 1334.0
1651164774 1334.0
1651164775 1334.0
1651164776 1334.0
1651164777 1334.0
1651164778 1334.0
1651164779 1334.0
1651164780 1334.0
1651164781 1334.0
1651164782 1334.0
1651164783 1334.0
1651164784 1334.0
1651164785 1334.0
1651164786 1334.0
1651164787 1334.0
1651164788 1334.0
1651164789 1334.0
1651164790 1334.0
1651164791 1334.0
1651164792 1334.0
1651164793 1334.0
1651164794 1334.0
1651164795 1334.0
1651164796 None
1651164797 None
1651164798 None
