1652690990 875.0
1652690991 875.0
1652690992 875.0
1652690993 875.0
1652690994 875.0
1652690995 875.0
1652690996 875.0
1652690997 875.0
1652690998 875.0
1652690999 875.0
1652691000 875.0
1652691001 875.0
1652691002 875.0
1652691003 875.0
1652691004 875.0
1652691005 875.0
1652691006 875.0
1652691007 875.0
1652691008 875.0
1652691009 875.0
1652691010 875.0
1652691011 875.0
1652691012 875.0
1652691013 875.0
1652691014 875.0
1652691015 875.0
1652691016 875.0
1652691017 875.0
1652691018 875.0
1652691019 875.0
1652691020 875.0
1652691021 875.0
1652691022 875.0
1652691023 875.0
1652691024 875.0
1652691025 875.0
1652691026 875.0
1652691027 875.0
1652691028 875.0
1652691029 875.0
1652691030 875.0
1652691031 875.0
1652691032 875.0
1652691033 875.0
1652691034 875.0
1652691035 875.0
1652691036 875.0
1652691037 875.0
1652691038 875.0
1652691039 875.0
1652691040 875.0
1652691041 875.0
1652691042 875.0
1652691043 875.0
1652691044 875.0
1652691045 875.0
1652691046 875.0
1652691047 875.0
1652691048 875.0
1652691049 875.0
1652691050 875.0
1652691051 875.0
1652691052 875.0
1652691053 875.0
1652691054 875.0
1652691055 875.0
1652691056 875.0
1652691057 875.0
1652691058 875.0
1652691059 875.0
1652691060 875.0
1652691061 875.0
1652691062 875.0
1652691063 875.0
1652691064 875.0
1652691065 875.0
1652691066 875.0
1652691067 875.0
1652691068 875.0
1652691069 875.0
1652691070 875.0
1652691071 875.0
1652691072 875.0
1652691073 875.0
1652691074 875.0
1652691075 875.0
1652691076 875.0
1652691077 875.0
1652691078 875.0
1652691079 875.0
1652691080 875.0
1652691081 875.0
1652691082 875.0
1652691083 875.0
1652691084 875.0
1652691085 875.0
1652691086 875.0
1652691087 875.0
1652691088 875.0
1652691089 875.0
1652691090 875.0
1652691091 875.0
1652691092 875.0
1652691093 875.0
1652691094 875.0
1652691095 875.0
1652691096 875.0
1652691097 875.0
1652691098 875.0
1652691099 875.0
1652691100 875.0
1652691101 875.0
1652691102 875.0
1652691103 875.0
1652691104 875.0
1652691105 875.0
1652691106 875.0
1652691107 None
1652691108 None
1652691109 None
