1651228546 33.0
1651228547 39.0
1651228548 44.0
1651228549 49.0
1651228550 49.0
1651228551 55.0
1651228552 58.0
1651228553 60.0
1651228554 60.0
1651228555 66.0
1651228556 70.0
1651228557 70.0
1651228558 74.0
1651228559 78.0
1651228560 83.0
1651228561 83.0
1651228562 87.0
1651228563 91.0
1651228564 96.0
1651228565 96.0
1651228566 101.0
1651228567 105.0
1651228568 105.0
1651228569 110.0
1651228570 117.0
1651228571 123.0
1651228572 123.0
1651228573 130.0
1651228574 136.0
1651228575 140.0
1651228576 140.0
1651228577 145.0
1651228578 149.0
1651228579 152.0
1651228580 152.0
1651228581 157.0
1651228582 164.0
1651228583 164.0
1651228584 170.0
1651228585 175.0
1651228586 180.0
1651228587 180.0
1651228588 183.0
1651228589 187.0
1651228590 192.0
1651228591 192.0
1651228592 197.0
1651228593 204.0
1651228594 210.0
1651228595 210.0
1651228596 215.0
1651228597 221.0
1651228598 221.0
1651228599 225.0
1651228600 232.0
1651228601 236.0
1651228602 236.0
1651228603 242.0
1651228604 248.0
1651228605 254.0
1651228606 254.0
1651228607 260.0
1651228608 265.0
1651228609 270.0
1651228610 270.0
1651228611 278.0
1651228612 284.0
1651228613 284.0
1651228614 290.0
1651228615 293.0
1651228616 296.0
1651228617 296.0
1651228618 301.0
1651228619 307.0
1651228620 314.0
1651228621 314.0
1651228622 317.0
1651228623 323.0
1651228624 328.0
1651228625 328.0
1651228626 331.0
1651228627 336.0
1651228628 342.0
1651228629 342.0
1651228630 349.0
1651228631 354.0
1651228632 354.0
1651228633 361.0
1651228634 365.0
1651228635 371.0
1651228636 371.0
1651228637 375.0
1651228638 379.0
1651228639 383.0
1651228640 383.0
1651228641 389.0
1651228642 395.0
1651228643 399.0
1651228644 399.0
1651228645 404.0
1651228646 408.0
1651228647 412.0
1651228648 412.0
1651228649 417.0
1651228650 423.0
1651228651 423.0
1651228652 426.0
1651228653 429.0
1651228654 433.0
1651228655 433.0
1651228656 438.0
1651228657 442.0
1651228658 449.0
1651228659 449.0
1651228660 453.0
1651228661 457.0
1651228662 457.0
1651228663 457.0
1651228664 None
1651228665 None
