1652084908 2685.0
1652084909 2685.0
1652084910 2685.0
1652084911 2685.0
1652084912 2685.0
1652084913 2685.0
1652084914 2685.0
1652084915 2685.0
1652084916 2685.0
1652084917 2685.0
1652084918 2685.0
1652084919 2685.0
1652084920 2685.0
1652084921 2685.0
1652084922 2685.0
1652084923 2685.0
1652084924 2685.0
1652084925 2685.0
1652084926 2685.0
1652084927 2685.0
1652084928 2685.0
1652084929 2685.0
1652084930 2685.0
1652084931 2685.0
1652084932 2685.0
1652084933 2685.0
1652084934 2685.0
1652084935 2685.0
1652084936 2685.0
1652084937 2685.0
1652084938 2685.0
1652084939 2685.0
1652084940 2685.0
1652084941 2685.0
1652084942 2685.0
1652084943 2685.0
1652084944 2685.0
1652084945 2685.0
1652084946 2685.0
1652084947 2685.0
1652084948 2685.0
1652084949 2685.0
1652084950 2685.0
1652084951 2685.0
1652084952 2685.0
1652084953 2685.0
1652084954 2685.0
1652084955 2685.0
1652084956 2685.0
1652084957 2685.0
1652084958 2685.0
1652084959 2685.0
1652084960 2685.0
1652084961 2685.0
1652084962 2685.0
1652084963 2685.0
1652084964 2685.0
1652084965 2685.0
1652084966 2685.0
1652084967 2685.0
1652084968 2685.0
1652084969 2685.0
1652084970 2685.0
1652084971 2685.0
1652084972 2685.0
1652084973 2685.0
1652084974 2685.0
1652084975 2685.0
1652084976 2685.0
1652084977 2685.0
1652084978 2685.0
1652084979 2685.0
1652084980 2685.0
1652084981 2685.0
1652084982 2685.0
1652084983 2685.0
1652084984 2685.0
1652084985 2685.0
1652084986 2685.0
1652084987 2685.0
1652084988 2685.0
1652084989 2685.0
1652084990 2685.0
1652084991 2685.0
1652084992 2685.0
1652084993 2685.0
1652084994 2685.0
1652084995 2685.0
1652084996 2685.0
1652084997 2685.0
1652084998 2685.0
1652084999 2685.0
1652085000 2685.0
1652085001 2685.0
1652085002 2685.0
1652085003 2685.0
1652085004 2685.0
1652085005 2685.0
1652085006 2685.0
1652085007 2685.0
1652085008 2685.0
1652085009 2685.0
1652085010 2685.0
1652085011 2685.0
1652085012 2685.0
1652085013 2685.0
1652085014 2685.0
1652085015 2685.0
1652085016 2685.0
1652085017 2685.0
1652085018 2685.0
1652085019 2685.0
1652085020 2685.0
1652085021 2685.0
1652085022 2685.0
1652085023 2685.0
1652085024 2685.0
1652085025 2685.0
1652085026 None
1652085027 None
