1651228545 1498.0
1651228546 1498.0
1651228547 1498.0
1651228548 1498.0
1651228549 1498.0
1651228550 1498.0
1651228551 1498.0
1651228552 1498.0
1651228553 1498.0
1651228554 1498.0
1651228555 1498.0
1651228556 1498.0
1651228557 1498.0
1651228558 1498.0
1651228559 1498.0
1651228560 1498.0
1651228561 1498.0
1651228562 1498.0
1651228563 1498.0
1651228564 1498.0
1651228565 1498.0
1651228566 1498.0
1651228567 1498.0
1651228568 1498.0
1651228569 1498.0
1651228570 1498.0
1651228571 1498.0
1651228572 1498.0
1651228573 1498.0
1651228574 1498.0
1651228575 1498.0
1651228576 1498.0
1651228577 1498.0
1651228578 1498.0
1651228579 1498.0
1651228580 1498.0
1651228581 1498.0
1651228582 1498.0
1651228583 1498.0
1651228584 1498.0
1651228585 1498.0
1651228586 1498.0
1651228587 1498.0
1651228588 1498.0
1651228589 1498.0
1651228590 1498.0
1651228591 1498.0
1651228592 1498.0
1651228593 1498.0
1651228594 1498.0
1651228595 1498.0
1651228596 1498.0
1651228597 1498.0
1651228598 1498.0
1651228599 1498.0
1651228600 1498.0
1651228601 1498.0
1651228602 1498.0
1651228603 1498.0
1651228604 1498.0
1651228605 1498.0
1651228606 1498.0
1651228607 1498.0
1651228608 1498.0
1651228609 1498.0
1651228610 1498.0
1651228611 1498.0
1651228612 1498.0
1651228613 1498.0
1651228614 1498.0
1651228615 1498.0
1651228616 1498.0
1651228617 1498.0
1651228618 1498.0
1651228619 1498.0
1651228620 1498.0
1651228621 1498.0
1651228622 1498.0
1651228623 1498.0
1651228624 1498.0
1651228625 1498.0
1651228626 1498.0
1651228627 1498.0
1651228628 1498.0
1651228629 1498.0
1651228630 1498.0
1651228631 1498.0
1651228632 1498.0
1651228633 1498.0
1651228634 1498.0
1651228635 1498.0
1651228636 1498.0
1651228637 1498.0
1651228638 1498.0
1651228639 1498.0
1651228640 1498.0
1651228641 1498.0
1651228642 1498.0
1651228643 1498.0
1651228644 1498.0
1651228645 1498.0
1651228646 1498.0
1651228647 1498.0
1651228648 1498.0
1651228649 1498.0
1651228650 1498.0
1651228651 1498.0
1651228652 1498.0
1651228653 1498.0
1651228654 1498.0
1651228655 1498.0
1651228656 1498.0
1651228657 1498.0
1651228658 1498.0
1651228659 1498.0
1651228660 1498.0
1651228661 1498.0
1651228662 1498.0
1651228663 1498.0
1651228664 None
