1652193446 1483.0
1652193447 1483.0
1652193448 1483.0
1652193449 1483.0
1652193450 1483.0
1652193451 1483.0
1652193452 1483.0
1652193453 1483.0
1652193454 1483.0
1652193455 1483.0
1652193456 1483.0
1652193457 1483.0
1652193458 1483.0
1652193459 1483.0
1652193460 1483.0
1652193461 1483.0
1652193462 1483.0
1652193463 1483.0
1652193464 1483.0
1652193465 1483.0
1652193466 1483.0
1652193467 1483.0
1652193468 1483.0
1652193469 1483.0
1652193470 1483.0
1652193471 1483.0
1652193472 1483.0
1652193473 1483.0
1652193474 1483.0
1652193475 1483.0
1652193476 1483.0
1652193477 1483.0
1652193478 1483.0
1652193479 1483.0
1652193480 1483.0
1652193481 1483.0
1652193482 1483.0
1652193483 1483.0
1652193484 1483.0
1652193485 1483.0
1652193486 1483.0
1652193487 1483.0
1652193488 1483.0
1652193489 1483.0
1652193490 1483.0
1652193491 1483.0
1652193492 1483.0
1652193493 1483.0
1652193494 1483.0
1652193495 1483.0
1652193496 1483.0
1652193497 1483.0
1652193498 1483.0
1652193499 1483.0
1652193500 1483.0
1652193501 1483.0
1652193502 1483.0
1652193503 1483.0
1652193504 1483.0
1652193505 1483.0
1652193506 1483.0
1652193507 1483.0
1652193508 1483.0
1652193509 1483.0
1652193510 1483.0
1652193511 1483.0
1652193512 1483.0
1652193513 1483.0
1652193514 1483.0
1652193515 1483.0
1652193516 1483.0
1652193517 1483.0
1652193518 1483.0
1652193519 1483.0
1652193520 1483.0
1652193521 1483.0
1652193522 1483.0
1652193523 1483.0
1652193524 1483.0
1652193525 1483.0
1652193526 1483.0
1652193527 1483.0
1652193528 1483.0
1652193529 1483.0
1652193530 1483.0
1652193531 1483.0
1652193532 1483.0
1652193533 1483.0
1652193534 1483.0
1652193535 1483.0
1652193536 1483.0
1652193537 1483.0
1652193538 1483.0
1652193539 1483.0
1652193540 1483.0
1652193541 1483.0
1652193542 1483.0
1652193543 1483.0
1652193544 1483.0
1652193545 1483.0
1652193546 1483.0
1652193547 1483.0
1652193548 1483.0
1652193549 1483.0
1652193550 1483.0
1652193551 1483.0
1652193552 1483.0
1652193553 1483.0
1652193554 1483.0
1652193555 1483.0
1652193556 1483.0
1652193557 1483.0
1652193558 1483.0
1652193559 1483.0
1652193560 1483.0
1652193561 1483.0
1652193562 1483.0
1652193563 1483.0
1652193564 1483.0
1652193565 None
