1652216205 28.0
1652216206 31.0
1652216207 35.0
1652216208 35.0
1652216209 40.0
1652216210 46.0
1652216211 46.0
1652216212 52.0
1652216213 56.0
1652216214 60.0
1652216215 60.0
1652216216 63.0
1652216217 65.0
1652216218 69.0
1652216219 69.0
1652216220 72.0
1652216221 75.0
1652216222 78.0
1652216223 78.0
1652216224 83.0
1652216225 85.0
1652216226 92.0
1652216227 92.0
1652216228 94.0
1652216229 100.0
1652216230 100.0
1652216231 103.0
1652216232 106.0
1652216233 112.0
1652216234 112.0
1652216235 118.0
1652216236 121.0
1652216237 127.0
1652216238 127.0
1652216239 132.0
1652216240 136.0
1652216241 141.0
1652216242 141.0
1652216243 144.0
1652216244 146.0
1652216245 150.0
1652216246 150.0
1652216247 152.0
1652216248 155.0
1652216249 164.0
1652216250 164.0
1652216251 169.0
1652216252 175.0
1652216253 175.0
1652216254 179.0
1652216255 183.0
1652216256 185.0
1652216257 185.0
1652216258 187.0
1652216259 192.0
1652216260 192.0
1652216261 195.0
1652216262 201.0
1652216263 205.0
1652216264 205.0
1652216265 206.0
1652216266 210.0
1652216267 215.0
1652216268 215.0
1652216269 221.0
1652216270 223.0
1652216271 223.0
1652216272 230.0
1652216273 233.0
1652216274 238.0
1652216275 238.0
1652216276 242.0
1652216277 245.0
1652216278 248.0
1652216279 248.0
1652216280 251.0
1652216281 254.0
1652216282 257.0
1652216283 257.0
1652216284 262.0
1652216285 266.0
1652216286 269.0
1652216287 269.0
1652216288 273.0
1652216289 278.0
1652216290 278.0
1652216291 282.0
1652216292 288.0
1652216293 292.0
1652216294 292.0
1652216295 294.0
1652216296 296.0
1652216297 301.0
1652216298 301.0
1652216299 305.0
1652216300 310.0
1652216301 314.0
1652216302 314.0
1652216303 315.0
1652216304 318.0
1652216305 318.0
1652216306 320.0
1652216307 324.0
1652216308 327.0
1652216309 327.0
1652216310 331.0
1652216311 335.0
1652216312 336.0
1652216313 336.0
1652216314 340.0
1652216315 345.0
1652216316 350.0
1652216317 350.0
1652216318 356.0
1652216319 359.0
1652216320 359.0
1652216321 360.0
1652216322 361.0
1652216323 None
1652216324 None
