1650534688 39.0
1650534689 39.0
1650534690 39.0
1650534691 39.0
1650534692 39.0
1650534693 39.0
1650534694 39.0
1650534695 39.0
1650534696 39.0
1650534697 39.0
1650534698 39.0
1650534699 39.0
1650534700 39.0
1650534701 39.0
1650534702 39.0
1650534703 39.0
1650534704 39.0
1650534705 39.0
1650534706 39.0
1650534707 39.0
1650534708 39.0
1650534709 39.0
1650534710 39.0
1650534711 39.0
1650534712 39.0
1650534713 39.0
1650534714 39.0
1650534715 39.0
1650534716 39.0
1650534717 39.0
1650534718 39.0
1650534719 39.0
1650534720 39.0
1650534721 39.0
1650534722 39.0
1650534723 39.0
1650534724 39.0
1650534725 39.0
1650534726 39.0
1650534727 39.0
1650534728 39.0
1650534729 39.0
1650534730 39.0
1650534731 39.0
1650534732 39.0
1650534733 39.0
1650534734 39.0
1650534735 39.0
1650534736 39.0
1650534737 39.0
1650534738 39.0
1650534739 39.0
1650534740 39.0
1650534741 39.0
1650534742 39.0
1650534743 39.0
1650534744 39.0
1650534745 39.0
1650534746 39.0
1650534747 39.0
1650534748 39.0
1650534749 39.0
1650534750 39.0
1650534751 39.0
1650534752 39.0
1650534753 39.0
1650534754 39.0
1650534755 39.0
1650534756 39.0
1650534757 39.0
1650534758 39.0
1650534759 39.0
1650534760 39.0
1650534761 39.0
1650534762 39.0
1650534763 39.0
1650534764 39.0
1650534765 39.0
1650534766 39.0
1650534767 39.0
1650534768 39.0
1650534769 39.0
1650534770 39.0
1650534771 39.0
1650534772 39.0
1650534773 39.0
1650534774 39.0
1650534775 39.0
1650534776 39.0
1650534777 39.0
1650534778 39.0
1650534779 39.0
1650534780 39.0
1650534781 39.0
1650534782 39.0
1650534783 39.0
1650534784 39.0
1650534785 39.0
1650534786 39.0
1650534787 39.0
1650534788 39.0
1650534789 39.0
1650534790 39.0
1650534791 39.0
1650534792 39.0
1650534793 39.0
1650534794 39.0
1650534795 39.0
1650534796 39.0
1650534797 39.0
1650534798 39.0
1650534799 39.0
1650534800 39.0
1650534801 39.0
1650534802 39.0
1650534803 39.0
1650534804 39.0
1650534805 39.0
1650534806 None
1650534807 None
