1650380765 234.0
1650380766 234.0
1650380767 234.0
1650380768 234.0
1650380769 234.0
1650380770 234.0
1650380771 234.0
1650380772 234.0
1650380773 234.0
1650380774 234.0
1650380775 234.0
1650380776 234.0
1650380777 234.0
1650380778 234.0
1650380779 234.0
1650380780 234.0
1650380781 234.0
1650380782 234.0
1650380783 234.0
1650380784 234.0
1650380785 234.0
1650380786 234.0
1650380787 234.0
1650380788 234.0
1650380789 234.0
1650380790 234.0
1650380791 234.0
1650380792 234.0
1650380793 234.0
1650380794 234.0
1650380795 234.0
1650380796 234.0
1650380797 234.0
1650380798 234.0
1650380799 234.0
1650380800 234.0
1650380801 234.0
1650380802 234.0
1650380803 234.0
1650380804 234.0
1650380805 234.0
1650380806 234.0
1650380807 234.0
1650380808 234.0
1650380809 234.0
1650380810 234.0
1650380811 234.0
1650380812 234.0
1650380813 234.0
1650380814 234.0
1650380815 234.0
1650380816 234.0
1650380817 234.0
1650380818 234.0
1650380819 234.0
1650380820 234.0
1650380821 234.0
1650380822 234.0
1650380823 234.0
1650380824 234.0
1650380825 234.0
1650380826 234.0
1650380827 234.0
1650380828 234.0
1650380829 234.0
1650380830 234.0
1650380831 234.0
1650380832 234.0
1650380833 234.0
1650380834 234.0
1650380835 234.0
1650380836 234.0
1650380837 234.0
1650380838 234.0
1650380839 234.0
1650380840 234.0
1650380841 234.0
1650380842 234.0
1650380843 234.0
1650380844 234.0
1650380845 234.0
1650380846 234.0
1650380847 234.0
1650380848 234.0
1650380849 234.0
1650380850 234.0
1650380851 234.0
1650380852 234.0
1650380853 234.0
1650380854 234.0
1650380855 234.0
1650380856 234.0
1650380857 234.0
1650380858 234.0
1650380859 234.0
1650380860 234.0
1650380861 234.0
1650380862 234.0
1650380863 234.0
1650380864 234.0
1650380865 234.0
1650380866 234.0
1650380867 234.0
1650380868 234.0
1650380869 234.0
1650380870 234.0
1650380871 234.0
1650380872 234.0
1650380873 234.0
1650380874 234.0
1650380875 234.0
1650380876 234.0
1650380877 234.0
1650380878 234.0
1650380879 234.0
1650380880 234.0
1650380881 234.0
1650380882 234.0
1650380883 234.0
1650380884 None
