1650534688 45.0
1650534689 53.0
1650534690 57.0
1650534691 60.0
1650534692 60.0
1650534693 68.0
1650534694 77.0
1650534695 84.0
1650534696 84.0
1650534697 91.0
1650534698 95.0
1650534699 102.0
1650534700 102.0
1650534701 110.0
1650534702 117.0
1650534703 124.0
1650534704 124.0
1650534705 129.0
1650534706 134.0
1650534707 134.0
1650534708 144.0
1650534709 151.0
1650534710 156.0
1650534711 156.0
1650534712 162.0
1650534713 170.0
1650534714 175.0
1650534715 175.0
1650534716 182.0
1650534717 188.0
1650534718 194.0
1650534719 194.0
1650534720 204.0
1650534721 210.0
1650534722 215.0
1650534723 215.0
1650534724 221.0
1650534725 229.0
1650534726 229.0
1650534727 235.0
1650534728 243.0
1650534729 253.0
1650534730 253.0
1650534731 262.0
1650534732 266.0
1650534733 273.0
1650534734 273.0
1650534735 280.0
1650534736 288.0
1650534737 293.0
1650534738 293.0
1650534739 297.0
1650534740 305.0
1650534741 310.0
1650534742 310.0
1650534743 315.0
1650534744 322.0
1650534745 326.0
1650534746 326.0
1650534747 331.0
1650534748 340.0
1650534749 345.0
1650534750 345.0
1650534751 354.0
1650534752 360.0
1650534753 360.0
1650534754 367.0
1650534755 375.0
1650534756 382.0
1650534757 382.0
1650534758 385.0
1650534759 393.0
1650534760 401.0
1650534761 401.0
1650534762 411.0
1650534763 417.0
1650534764 417.0
1650534765 429.0
1650534766 429.0
1650534767 434.0
1650534768 434.0
1650534769 440.0
1650534770 448.0
1650534771 448.0
1650534772 455.0
1650534773 464.0
1650534774 470.0
1650534775 470.0
1650534776 476.0
1650534777 483.0
1650534778 492.0
1650534779 492.0
1650534780 498.0
1650534781 501.0
1650534782 501.0
1650534783 506.0
1650534784 513.0
1650534785 521.0
1650534786 521.0
1650534787 528.0
1650534788 535.0
1650534789 541.0
1650534790 541.0
1650534791 549.0
1650534792 556.0
1650534793 556.0
1650534794 562.0
1650534795 566.0
1650534796 571.0
1650534797 571.0
1650534798 575.0
1650534799 583.0
1650534800 583.0
1650534801 591.0
1650534802 598.0
1650534803 602.0
1650534804 602.0
1650534805 604.0
1650534806 None
1650534807 None
