1650380765 5797.0
1650380766 5797.0
1650380767 5797.0
1650380768 5797.0
1650380769 5797.0
1650380770 5797.0
1650380771 5797.0
1650380772 5797.0
1650380773 5797.0
1650380774 5797.0
1650380775 5797.0
1650380776 5797.0
1650380777 5797.0
1650380778 5797.0
1650380779 5797.0
1650380780 5797.0
1650380781 5797.0
1650380782 5797.0
1650380783 5797.0
1650380784 5797.0
1650380785 5797.0
1650380786 5797.0
1650380787 5797.0
1650380788 5797.0
1650380789 5797.0
1650380790 5797.0
1650380791 5797.0
1650380792 5797.0
1650380793 5797.0
1650380794 5797.0
1650380795 5797.0
1650380796 5797.0
1650380797 5797.0
1650380798 5797.0
1650380799 5797.0
1650380800 5797.0
1650380801 5797.0
1650380802 5797.0
1650380803 5797.0
1650380804 5797.0
1650380805 5797.0
1650380806 5797.0
1650380807 5797.0
1650380808 5797.0
1650380809 5797.0
1650380810 5797.0
1650380811 5797.0
1650380812 5797.0
1650380813 5797.0
1650380814 5797.0
1650380815 5797.0
1650380816 5797.0
1650380817 5797.0
1650380818 5797.0
1650380819 5797.0
1650380820 5797.0
1650380821 5797.0
1650380822 5797.0
1650380823 5797.0
1650380824 5797.0
1650380825 5797.0
1650380826 5797.0
1650380827 5797.0
1650380828 5797.0
1650380829 5797.0
1650380830 5797.0
1650380831 5797.0
1650380832 5797.0
1650380833 5797.0
1650380834 5797.0
1650380835 5797.0
1650380836 5797.0
1650380837 5797.0
1650380838 5797.0
1650380839 5797.0
1650380840 5797.0
1650380841 5797.0
1650380842 5797.0
1650380843 5797.0
1650380844 5797.0
1650380845 5797.0
1650380846 5797.0
1650380847 5797.0
1650380848 5797.0
1650380849 5797.0
1650380850 5797.0
1650380851 5797.0
1650380852 5797.0
1650380853 5797.0
1650380854 5797.0
1650380855 5797.0
1650380856 5797.0
1650380857 5797.0
1650380858 5797.0
1650380859 5797.0
1650380860 5797.0
1650380861 5797.0
1650380862 5797.0
1650380863 5797.0
1650380864 5797.0
1650380865 5797.0
1650380866 5797.0
1650380867 5797.0
1650380868 5797.0
1650380869 5797.0
1650380870 5797.0
1650380871 5797.0
1650380872 5797.0
1650380873 5797.0
1650380874 5797.0
1650380875 5797.0
1650380876 5797.0
1650380877 5797.0
1650380878 5797.0
1650380879 5797.0
1650380880 5797.0
1650380881 5797.0
1650380882 5797.0
1650380883 5797.0
1650380884 None
