1651074615 3025.0
1651074616 3025.0
1651074617 3025.0
1651074618 3025.0
1651074619 3025.0
1651074620 3025.0
1651074621 3025.0
1651074622 3025.0
1651074623 3025.0
1651074624 3025.0
1651074625 3025.0
1651074626 3025.0
1651074627 3025.0
1651074628 3025.0
1651074629 3025.0
1651074630 3025.0
1651074631 3025.0
1651074632 3025.0
1651074633 3025.0
1651074634 3025.0
1651074635 3025.0
1651074636 3025.0
1651074637 3025.0
1651074638 3025.0
1651074639 3025.0
1651074640 3025.0
1651074641 3025.0
1651074642 3025.0
1651074643 3025.0
1651074644 3025.0
1651074645 3025.0
1651074646 3025.0
1651074647 3025.0
1651074648 3025.0
1651074649 3025.0
1651074650 3025.0
1651074651 3025.0
1651074652 3025.0
1651074653 3025.0
1651074654 3025.0
1651074655 3025.0
1651074656 3025.0
1651074657 3025.0
1651074658 3025.0
1651074659 3025.0
1651074660 3025.0
1651074661 3025.0
1651074662 3025.0
1651074663 3025.0
1651074664 3025.0
1651074665 3025.0
1651074666 3025.0
1651074667 3025.0
1651074668 3025.0
1651074669 3025.0
1651074670 3025.0
1651074671 3025.0
1651074672 3025.0
1651074673 3025.0
1651074674 3025.0
1651074675 3025.0
1651074676 3025.0
1651074677 3025.0
1651074678 3025.0
1651074679 3025.0
1651074680 3025.0
1651074681 3025.0
1651074682 3025.0
1651074683 3025.0
1651074684 3025.0
1651074685 3025.0
1651074686 3025.0
1651074687 3025.0
1651074688 3025.0
1651074689 3025.0
1651074690 3025.0
1651074691 3025.0
1651074692 3025.0
1651074693 3025.0
1651074694 3025.0
1651074695 3025.0
1651074696 3025.0
1651074697 3025.0
1651074698 3025.0
1651074699 3025.0
1651074700 3025.0
1651074701 3025.0
1651074702 3025.0
1651074703 3025.0
1651074704 3025.0
1651074705 3025.0
1651074706 3025.0
1651074707 3025.0
1651074708 3025.0
1651074709 3025.0
1651074710 3025.0
1651074711 3025.0
1651074712 3025.0
1651074713 3025.0
1651074714 3025.0
1651074715 3025.0
1651074716 3025.0
1651074717 3025.0
1651074718 3025.0
1651074719 3025.0
1651074720 3025.0
1651074721 3025.0
1651074722 3025.0
1651074723 3025.0
1651074724 3025.0
1651074725 3025.0
1651074726 3025.0
1651074727 3025.0
1651074728 3025.0
1651074729 3025.0
1651074730 3025.0
1651074731 3025.0
1651074732 None
1651074733 None
1651074734 None
