1651228546 1189.0
1651228547 1189.0
1651228548 1189.0
1651228549 1189.0
1651228550 1189.0
1651228551 1189.0
1651228552 1189.0
1651228553 1189.0
1651228554 1189.0
1651228555 1189.0
1651228556 1189.0
1651228557 1189.0
1651228558 1189.0
1651228559 1189.0
1651228560 1189.0
1651228561 1189.0
1651228562 1189.0
1651228563 1189.0
1651228564 1189.0
1651228565 1189.0
1651228566 1189.0
1651228567 1189.0
1651228568 1189.0
1651228569 1189.0
1651228570 1189.0
1651228571 1189.0
1651228572 1189.0
1651228573 1189.0
1651228574 1189.0
1651228575 1189.0
1651228576 1189.0
1651228577 1189.0
1651228578 1189.0
1651228579 1189.0
1651228580 1189.0
1651228581 1189.0
1651228582 1189.0
1651228583 1189.0
1651228584 1189.0
1651228585 1189.0
1651228586 1189.0
1651228587 1189.0
1651228588 1189.0
1651228589 1189.0
1651228590 1189.0
1651228591 1189.0
1651228592 1189.0
1651228593 1189.0
1651228594 1189.0
1651228595 1189.0
1651228596 1189.0
1651228597 1189.0
1651228598 1189.0
1651228599 1189.0
1651228600 1189.0
1651228601 1189.0
1651228602 1189.0
1651228603 1189.0
1651228604 1189.0
1651228605 1189.0
1651228606 1189.0
1651228607 1189.0
1651228608 1189.0
1651228609 1189.0
1651228610 1189.0
1651228611 1189.0
1651228612 1189.0
1651228613 1189.0
1651228614 1189.0
1651228615 1189.0
1651228616 1189.0
1651228617 1189.0
1651228618 1189.0
1651228619 1189.0
1651228620 1189.0
1651228621 1189.0
1651228622 1189.0
1651228623 1189.0
1651228624 1189.0
1651228625 1189.0
1651228626 1189.0
1651228627 1189.0
1651228628 1189.0
1651228629 1189.0
1651228630 1189.0
1651228631 1189.0
1651228632 1189.0
1651228633 1189.0
1651228634 1189.0
1651228635 1189.0
1651228636 1189.0
1651228637 1189.0
1651228638 1189.0
1651228639 1189.0
1651228640 1189.0
1651228641 1189.0
1651228642 1189.0
1651228643 1189.0
1651228644 1189.0
1651228645 1189.0
1651228646 1189.0
1651228647 1189.0
1651228648 1189.0
1651228649 1189.0
1651228650 1189.0
1651228651 1189.0
1651228652 1189.0
1651228653 1189.0
1651228654 1189.0
1651228655 1189.0
1651228656 1189.0
1651228657 1189.0
1651228658 1189.0
1651228659 1189.0
1651228660 1189.0
1651228661 1189.0
1651228662 1189.0
1651228663 1189.0
1651228664 None
1651228665 None
