1653906959 20.0
1653906960 25.0
1653906961 28.0
1653906962 30.0
1653906963 30.0
1653906964 31.0
1653906965 32.0
1653906966 34.0
1653906967 34.0
1653906968 37.0
1653906969 41.0
1653906970 41.0
1653906971 43.0
1653906972 44.0
1653906973 45.0
1653906974 45.0
1653906975 48.0
1653906976 52.0
1653906977 52.0
1653906978 52.0
1653906979 56.0
1653906980 62.0
1653906981 65.0
1653906982 65.0
1653906983 67.0
1653906984 70.0
1653906985 73.0
1653906986 73.0
1653906987 74.0
1653906988 76.0
1653906989 77.0
1653906990 77.0
1653906991 80.0
1653906992 80.0
1653906993 80.0
1653906994 83.0
1653906995 85.0
1653906996 85.0
1653906997 85.0
1653906998 87.0
1653906999 90.0
1653907000 94.0
1653907001 94.0
1653907002 96.0
1653907003 99.0
1653907004 101.0
1653907005 101.0
1653907006 105.0
1653907007 109.0
1653907008 110.0
1653907009 110.0
1653907010 113.0
1653907011 117.0
1653907012 117.0
1653907013 119.0
1653907014 121.0
1653907015 125.0
1653907016 125.0
1653907017 129.0
1653907018 134.0
1653907019 137.0
1653907020 137.0
1653907021 141.0
1653907022 144.0
1653907023 144.0
1653907024 144.0
1653907025 146.0
1653907026 148.0
1653907027 151.0
1653907028 151.0
1653907029 154.0
1653907030 155.0
1653907031 155.0
1653907032 157.0
1653907033 159.0
1653907034 160.0
1653907035 160.0
1653907036 160.0
1653907037 163.0
1653907038 164.0
1653907039 164.0
1653907040 167.0
1653907041 170.0
1653907042 170.0
1653907043 173.0
1653907044 175.0
1653907045 177.0
1653907046 177.0
1653907047 180.0
1653907048 181.0
1653907049 184.0
1653907050 184.0
1653907051 186.0
1653907052 186.0
1653907053 186.0
1653907054 187.0
1653907055 191.0
1653907056 191.0
1653907057 191.0
1653907058 193.0
1653907059 198.0
1653907060 201.0
1653907061 201.0
1653907062 203.0
1653907063 206.0
1653907064 209.0
1653907065 209.0
1653907066 213.0
1653907067 216.0
1653907068 220.0
1653907069 220.0
1653907070 221.0
1653907071 222.0
1653907072 222.0
1653907073 225.0
1653907074 227.0
1653907075 227.0
1653907076 227.0
1653907077 None
1653907078 None
