1649924186 1288.0
1649924187 1288.0
1649924188 1288.0
1649924189 1288.0
1649924190 1288.0
1649924191 1288.0
1649924192 1288.0
1649924193 1288.0
1649924194 1288.0
1649924195 1288.0
1649924196 1288.0
1649924197 1288.0
1649924198 1288.0
1649924199 1288.0
1649924200 1288.0
1649924201 1288.0
1649924202 1288.0
1649924203 1288.0
1649924204 1288.0
1649924205 1288.0
1649924206 1288.0
1649924207 1288.0
1649924208 1288.0
1649924209 1288.0
1649924210 1288.0
1649924211 1288.0
1649924212 1288.0
1649924213 1288.0
1649924214 1288.0
1649924215 1288.0
1649924216 1288.0
1649924217 1288.0
1649924218 1288.0
1649924219 1288.0
1649924220 1288.0
1649924221 1288.0
1649924222 1288.0
1649924223 1288.0
1649924224 1288.0
1649924225 1288.0
1649924226 1288.0
1649924227 1288.0
1649924228 1288.0
1649924229 1288.0
1649924230 1288.0
1649924231 1288.0
1649924232 1288.0
1649924233 1288.0
1649924234 1288.0
1649924235 1288.0
1649924236 1288.0
1649924237 1288.0
1649924238 1288.0
1649924239 1288.0
1649924240 1288.0
1649924241 1288.0
1649924242 1288.0
1649924243 None
1649924244 None
1649924245 None
