1650018259 5797.0
1650018260 5797.0
1650018261 5797.0
1650018262 5797.0
1650018263 5797.0
1650018264 5797.0
1650018265 5797.0
1650018266 5797.0
1650018267 5797.0
1650018268 5797.0
1650018269 5797.0
1650018270 5797.0
1650018271 5797.0
1650018272 5797.0
1650018273 5797.0
1650018274 5797.0
1650018275 5797.0
1650018276 5797.0
1650018277 5797.0
1650018278 5797.0
1650018279 5797.0
1650018280 5797.0
1650018281 5797.0
1650018282 5797.0
1650018283 5797.0
1650018284 5797.0
1650018285 5797.0
1650018286 5797.0
1650018287 5797.0
1650018288 5797.0
1650018289 5797.0
1650018290 5797.0
1650018291 5797.0
1650018292 5797.0
1650018293 5797.0
1650018294 5797.0
1650018295 5797.0
1650018296 5797.0
1650018297 5797.0
1650018298 5797.0
1650018299 5797.0
1650018300 5797.0
1650018301 5797.0
1650018302 5797.0
1650018303 5797.0
1650018304 5797.0
1650018305 5797.0
1650018306 5797.0
1650018307 5797.0
1650018308 5797.0
1650018309 5797.0
1650018310 5797.0
1650018311 5797.0
1650018312 5797.0
1650018313 5797.0
1650018314 5797.0
1650018315 5797.0
1650018316 None
1650018317 None
1650018318 None
