1649415445 27.0
1649415446 27.0
1649415447 29.0
1649415448 30.0
1649415449 32.0
1649415450 32.0
1649415451 34.0
1649415452 35.0
1649415453 37.0
1649415454 37.0
1649415455 39.0
1649415456 42.0
1649415457 43.0
1649415458 43.0
1649415459 46.0
1649415460 47.0
1649415461 47.0
1649415462 48.0
1649415463 51.0
1649415464 52.0
1649415465 52.0
1649415466 53.0
1649415467 56.0
1649415468 57.0
1649415469 57.0
1649415470 61.0
1649415471 62.0
1649415472 65.0
1649415473 67.0
1649415474 67.0
1649415475 69.0
1649415476 70.0
1649415477 72.0
1649415478 72.0
1649415479 74.0
1649415480 78.0
1649415481 78.0
1649415482 81.0
1649415483 83.0
1649415484 85.0
1649415485 85.0
1649415486 87.0
1649415487 88.0
1649415488 89.0
1649415489 91.0
1649415490 91.0
1649415491 94.0
1649415492 95.0
1649415493 95.0
1649415494 99.0
1649415495 99.0
1649415496 102.0
1649415497 102.0
1649415498 104.0
1649415499 105.0
1649415500 107.0
1649415501 107.0
1649415502 107.0
1649415503 None
1649415504 None
