1649353300 9.0
1649353301 9.0
1649353302 9.0
1649353303 10.0
1649353304 11.0
1649353305 12.0
1649353306 12.0
1649353307 12.0
1649353308 13.0
1649353309 14.0
1649353310 14.0
1649353311 15.0
1649353312 16.0
1649353313 16.0
1649353314 16.0
1649353315 17.0
1649353316 18.0
1649353317 18.0
1649353318 18.0
1649353319 19.0
1649353320 19.0
1649353321 19.0
1649353322 20.0
1649353323 21.0
1649353324 22.0
1649353325 22.0
1649353326 22.0
1649353327 23.0
1649353328 23.0
1649353329 23.0
1649353330 24.0
1649353331 26.0
1649353332 26.0
1649353333 26.0
1649353334 28.0
1649353335 28.0
1649353336 28.0
1649353337 29.0
1649353338 30.0
1649353339 30.0
1649353340 30.0
1649353341 31.0
1649353342 31.0
1649353343 31.0
1649353344 33.0
1649353345 34.0
1649353346 36.0
1649353347 36.0
1649353348 37.0
1649353349 39.0
1649353350 40.0
1649353351 40.0
1649353352 41.0
1649353353 42.0
1649353354 43.0
1649353355 43.0
1649353356 43.0
1649353357 43.0
1649353358 None
1649353359 None
