1649936161 1100.0
1649936162 1100.0
1649936163 1100.0
1649936164 1100.0
1649936165 1100.0
1649936166 1100.0
1649936167 1100.0
1649936168 1100.0
1649936169 1100.0
1649936170 1100.0
1649936171 1100.0
1649936172 1100.0
1649936173 1100.0
1649936174 1100.0
1649936175 1100.0
1649936176 1100.0
1649936177 1100.0
1649936178 1100.0
1649936179 1100.0
1649936180 1100.0
1649936181 1100.0
1649936182 1100.0
1649936183 1100.0
1649936184 1100.0
1649936185 1100.0
1649936186 1100.0
1649936187 1100.0
1649936188 1100.0
1649936189 1100.0
1649936190 1100.0
1649936191 1100.0
1649936192 1100.0
1649936193 1100.0
1649936194 1100.0
1649936195 1100.0
1649936196 1100.0
1649936197 1100.0
1649936198 1100.0
1649936199 1100.0
1649936200 1100.0
1649936201 1100.0
1649936202 1100.0
1649936203 1100.0
1649936204 1100.0
1649936205 1100.0
1649936206 1100.0
1649936207 1100.0
1649936208 1100.0
1649936209 1100.0
1649936210 1100.0
1649936211 1100.0
1649936212 1100.0
1649936213 1100.0
1649936214 1100.0
1649936215 1100.0
1649936216 1100.0
1649936217 1100.0
1649936218 1100.0
1649936219 None
1649936220 None
