1649757944 902.0
1649757945 902.0
1649757946 902.0
1649757947 902.0
1649757948 902.0
1649757949 902.0
1649757950 902.0
1649757951 902.0
1649757952 902.0
1649757953 902.0
1649757954 902.0
1649757955 902.0
1649757956 902.0
1649757957 902.0
1649757958 902.0
1649757959 902.0
1649757960 902.0
1649757961 902.0
1649757962 902.0
1649757963 902.0
1649757964 902.0
1649757965 902.0
1649757966 902.0
1649757967 902.0
1649757968 902.0
1649757969 902.0
1649757970 902.0
1649757971 902.0
1649757972 902.0
1649757973 902.0
1649757974 902.0
1649757975 902.0
1649757976 902.0
1649757977 902.0
1649757978 902.0
1649757979 902.0
1649757980 902.0
1649757981 902.0
1649757982 902.0
1649757983 902.0
1649757984 902.0
1649757985 902.0
1649757986 902.0
1649757987 902.0
1649757988 902.0
1649757989 902.0
1649757990 902.0
1649757991 902.0
1649757992 902.0
1649757993 902.0
1649757994 902.0
1649757995 902.0
1649757996 902.0
1649757997 902.0
1649757998 902.0
1649757999 902.0
1649758000 902.0
1649758001 902.0
1649758002 None
1649758003 None
