1649415445 1497.0
1649415446 1497.0
1649415447 1497.0
1649415448 1497.0
1649415449 1497.0
1649415450 1497.0
1649415451 1497.0
1649415452 1497.0
1649415453 1497.0
1649415454 1497.0
1649415455 1497.0
1649415456 1497.0
1649415457 1497.0
1649415458 1497.0
1649415459 1497.0
1649415460 1497.0
1649415461 1497.0
1649415462 1497.0
1649415463 1497.0
1649415464 1497.0
1649415465 1497.0
1649415466 1497.0
1649415467 1497.0
1649415468 1497.0
1649415469 1497.0
1649415470 1497.0
1649415471 1497.0
1649415472 1497.0
1649415473 1497.0
1649415474 1497.0
1649415475 1497.0
1649415476 1497.0
1649415477 1497.0
1649415478 1497.0
1649415479 1497.0
1649415480 1497.0
1649415481 1497.0
1649415482 1497.0
1649415483 1497.0
1649415484 1497.0
1649415485 1497.0
1649415486 1497.0
1649415487 1497.0
1649415488 1497.0
1649415489 1497.0
1649415490 1497.0
1649415491 1497.0
1649415492 1497.0
1649415493 1497.0
1649415494 1497.0
1649415495 1497.0
1649415496 1497.0
1649415497 1497.0
1649415498 1497.0
1649415499 1497.0
1649415500 1497.0
1649415501 1497.0
1649415502 1497.0
1649415503 None
1649415504 None
