1649757945 235.0
1649757946 235.0
1649757947 235.0
1649757948 235.0
1649757949 235.0
1649757950 235.0
1649757951 235.0
1649757952 235.0
1649757953 235.0
1649757954 235.0
1649757955 235.0
1649757956 235.0
1649757957 235.0
1649757958 235.0
1649757959 235.0
1649757960 235.0
1649757961 235.0
1649757962 235.0
1649757963 235.0
1649757964 235.0
1649757965 235.0
1649757966 235.0
1649757967 235.0
1649757968 235.0
1649757969 235.0
1649757970 235.0
1649757971 235.0
1649757972 235.0
1649757973 235.0
1649757974 235.0
1649757975 235.0
1649757976 235.0
1649757977 235.0
1649757978 235.0
1649757979 235.0
1649757980 235.0
1649757981 235.0
1649757982 235.0
1649757983 235.0
1649757984 235.0
1649757985 235.0
1649757986 235.0
1649757987 235.0
1649757988 235.0
1649757989 235.0
1649757990 235.0
1649757991 235.0
1649757992 235.0
1649757993 235.0
1649757994 235.0
1649757995 235.0
1649757996 235.0
1649757997 235.0
1649757998 235.0
1649757999 235.0
1649758000 235.0
1649758001 235.0
1649758002 None
1649758003 None
1649758004 None
