1649415444 1187.0
1649415445 1187.0
1649415446 1187.0
1649415447 1187.0
1649415448 1187.0
1649415449 1187.0
1649415450 1187.0
1649415451 1187.0
1649415452 1187.0
1649415453 1187.0
1649415454 1187.0
1649415455 1187.0
1649415456 1187.0
1649415457 1187.0
1649415458 1187.0
1649415459 1187.0
1649415460 1187.0
1649415461 1187.0
1649415462 1187.0
1649415463 1187.0
1649415464 1187.0
1649415465 1187.0
1649415466 1187.0
1649415467 1187.0
1649415468 1187.0
1649415469 1187.0
1649415470 1187.0
1649415471 1187.0
1649415472 1187.0
1649415473 1187.0
1649415474 1187.0
1649415475 1187.0
1649415476 1187.0
1649415477 1187.0
1649415478 1187.0
1649415479 1187.0
1649415480 1187.0
1649415481 1187.0
1649415482 1187.0
1649415483 1187.0
1649415484 1187.0
1649415485 1187.0
1649415486 1187.0
1649415487 1187.0
1649415488 1187.0
1649415489 1187.0
1649415490 1187.0
1649415491 1187.0
1649415492 1187.0
1649415493 1187.0
1649415494 1187.0
1649415495 1187.0
1649415496 1187.0
1649415497 1187.0
1649415498 1187.0
1649415499 1187.0
1649415500 1187.0
1649415501 1187.0
1649415502 1187.0
1649415503 None
