1649936161 48.0
1649936162 48.0
1649936163 52.0
1649936164 54.0
1649936165 56.0
1649936166 56.0
1649936167 59.0
1649936168 64.0
1649936169 67.0
1649936170 67.0
1649936171 73.0
1649936172 78.0
1649936173 81.0
1649936174 81.0
1649936175 85.0
1649936176 89.0
1649936177 93.0
1649936178 93.0
1649936179 95.0
1649936180 99.0
1649936181 103.0
1649936182 103.0
1649936183 107.0
1649936184 109.0
1649936185 112.0
1649936186 112.0
1649936187 116.0
1649936188 118.0
1649936189 120.0
1649936190 120.0
1649936191 123.0
1649936192 128.0
1649936193 132.0
1649936194 132.0
1649936195 134.0
1649936196 139.0
1649936197 141.0
1649936198 141.0
1649936199 144.0
1649936200 148.0
1649936201 150.0
1649936202 150.0
1649936203 153.0
1649936204 154.0
1649936205 155.0
1649936206 155.0
1649936207 155.0
1649936208 160.0
1649936209 162.0
1649936210 162.0
1649936211 166.0
1649936212 168.0
1649936213 171.0
1649936214 171.0
1649936215 175.0
1649936216 178.0
1649936217 179.0
1649936218 179.0
1649936219 None
1649936220 None
