1650018258 3025.0
1650018259 3025.0
1650018260 3025.0
1650018261 3025.0
1650018262 3025.0
1650018263 3025.0
1650018264 3025.0
1650018265 3025.0
1650018266 3025.0
1650018267 3025.0
1650018268 3025.0
1650018269 3025.0
1650018270 3025.0
1650018271 3025.0
1650018272 3025.0
1650018273 3025.0
1650018274 3025.0
1650018275 3025.0
1650018276 3025.0
1650018277 3025.0
1650018278 3025.0
1650018279 3025.0
1650018280 3025.0
1650018281 3025.0
1650018282 3025.0
1650018283 3025.0
1650018284 3025.0
1650018285 3025.0
1650018286 3025.0
1650018287 3025.0
1650018288 3025.0
1650018289 3025.0
1650018290 3025.0
1650018291 3025.0
1650018292 3025.0
1650018293 3025.0
1650018294 3025.0
1650018295 3025.0
1650018296 3025.0
1650018297 3025.0
1650018298 3025.0
1650018299 3025.0
1650018300 3025.0
1650018301 3025.0
1650018302 3025.0
1650018303 3025.0
1650018304 3025.0
1650018305 3025.0
1650018306 3025.0
1650018307 3025.0
1650018308 3025.0
1650018309 3025.0
1650018310 3025.0
1650018311 3025.0
1650018312 3025.0
1650018313 3025.0
1650018314 3025.0
1650018315 3025.0
1650018316 None
1650018317 None
