1649936160 6.0
1649936161 6.0
1649936162 6.0
1649936163 7.0
1649936164 8.0
1649936165 9.0
1649936166 9.0
1649936167 10.0
1649936168 12.0
1649936169 13.0
1649936170 13.0
1649936171 14.0
1649936172 14.0
1649936173 15.0
1649936174 15.0
1649936175 16.0
1649936176 17.0
1649936177 18.0
1649936178 18.0
1649936179 19.0
1649936180 21.0
1649936181 22.0
1649936182 22.0
1649936183 24.0
1649936184 26.0
1649936185 27.0
1649936186 27.0
1649936187 28.0
1649936188 30.0
1649936189 31.0
1649936190 31.0
1649936191 31.0
1649936192 32.0
1649936193 33.0
1649936194 33.0
1649936195 34.0
1649936196 35.0
1649936197 37.0
1649936198 37.0
1649936199 37.0
1649936200 38.0
1649936201 40.0
1649936202 40.0
1649936203 40.0
1649936204 42.0
1649936205 43.0
1649936206 43.0
1649936207 44.0
1649936208 46.0
1649936209 47.0
1649936210 47.0
1649936211 48.0
1649936212 50.0
1649936213 51.0
1649936214 51.0
1649936215 53.0
1649936216 54.0
1649936217 54.0
1649936218 54.0
1649936219 None
