1649675465 2686.0
1649675466 2686.0
1649675467 2686.0
1649675468 2686.0
1649675469 2686.0
1649675470 2686.0
1649675471 2686.0
1649675472 2686.0
1649675473 2686.0
1649675474 2686.0
1649675475 2686.0
1649675476 2686.0
1649675477 2686.0
1649675478 2686.0
1649675479 2686.0
1649675480 2686.0
1649675481 2686.0
1649675482 2686.0
1649675483 2686.0
1649675484 2686.0
1649675485 2686.0
1649675486 2686.0
1649675487 2686.0
1649675488 2686.0
1649675489 2686.0
1649675490 2686.0
1649675491 2686.0
1649675492 2686.0
1649675493 2686.0
1649675494 2686.0
1649675495 2686.0
1649675496 2686.0
1649675497 2686.0
1649675498 2686.0
1649675499 2686.0
1649675500 2686.0
1649675501 2686.0
1649675502 2686.0
1649675503 2686.0
1649675504 2686.0
1649675505 2686.0
1649675506 2686.0
1649675507 2686.0
1649675508 2686.0
1649675509 2686.0
1649675510 2686.0
1649675511 2686.0
1649675512 2686.0
1649675513 2686.0
1649675514 2686.0
1649675515 2686.0
1649675516 2686.0
1649675517 2686.0
1649675518 2686.0
1649675519 2686.0
1649675520 2686.0
1649675521 2686.0
1649675522 2686.0
1649675523 None
1649675524 None
