1650018258 39.0
1650018259 39.0
1650018260 39.0
1650018261 39.0
1650018262 39.0
1650018263 39.0
1650018264 39.0
1650018265 39.0
1650018266 39.0
1650018267 39.0
1650018268 39.0
1650018269 39.0
1650018270 39.0
1650018271 39.0
1650018272 39.0
1650018273 39.0
1650018274 39.0
1650018275 39.0
1650018276 39.0
1650018277 39.0
1650018278 39.0
1650018279 39.0
1650018280 39.0
1650018281 39.0
1650018282 39.0
1650018283 39.0
1650018284 39.0
1650018285 39.0
1650018286 39.0
1650018287 39.0
1650018288 39.0
1650018289 39.0
1650018290 39.0
1650018291 39.0
1650018292 39.0
1650018293 39.0
1650018294 39.0
1650018295 39.0
1650018296 39.0
1650018297 39.0
1650018298 39.0
1650018299 39.0
1650018300 39.0
1650018301 39.0
1650018302 39.0
1650018303 39.0
1650018304 39.0
1650018305 39.0
1650018306 39.0
1650018307 39.0
1650018308 39.0
1650018309 39.0
1650018310 39.0
1650018311 39.0
1650018312 39.0
1650018313 39.0
1650018314 39.0
1650018315 39.0
1650018316 None
1650018317 None
