1649758396 46.0
1649758397 49.0
1649758398 50.0
1649758399 54.0
1649758400 54.0
1649758401 58.0
1649758402 60.0
1649758403 64.0
1649758404 64.0
1649758405 66.0
1649758406 69.0
1649758407 71.0
1649758408 71.0
1649758409 74.0
1649758410 77.0
1649758411 82.0
1649758412 82.0
1649758413 83.0
1649758414 87.0
1649758415 91.0
1649758416 91.0
1649758417 95.0
1649758418 97.0
1649758419 101.0
1649758420 101.0
1649758421 105.0
1649758422 109.0
1649758423 113.0
1649758424 113.0
1649758425 116.0
1649758426 118.0
1649758427 122.0
1649758428 122.0
1649758429 127.0
1649758430 129.0
1649758431 134.0
1649758432 134.0
1649758433 138.0
1649758434 141.0
1649758435 147.0
1649758436 147.0
1649758437 150.0
1649758438 154.0
1649758439 160.0
1649758440 160.0
1649758441 163.0
1649758442 168.0
1649758443 168.0
1649758444 172.0
1649758445 174.0
1649758446 180.0
1649758447 180.0
1649758448 181.0
1649758449 181.0
1649758450 184.0
1649758451 184.0
1649758452 187.0
1649758453 None
1649758454 None
1649758455 None
