1649676011 8.0
1649676012 8.0
1649676013 9.0
1649676014 10.0
1649676015 10.0
1649676016 10.0
1649676017 11.0
1649676018 12.0
1649676019 13.0
1649676020 13.0
1649676021 14.0
1649676022 14.0
1649676023 16.0
1649676024 16.0
1649676025 17.0
1649676026 18.0
1649676027 19.0
1649676028 19.0
1649676029 21.0
1649676030 23.0
1649676031 25.0
1649676032 25.0
1649676033 26.0
1649676034 26.0
1649676035 27.0
1649676036 27.0
1649676037 28.0
1649676038 29.0
1649676039 29.0
1649676040 29.0
1649676041 29.0
1649676042 31.0
1649676043 33.0
1649676044 33.0
1649676045 35.0
1649676046 36.0
1649676047 38.0
1649676048 38.0
1649676049 39.0
1649676050 39.0
1649676051 39.0
1649676052 41.0
1649676053 42.0
1649676054 43.0
1649676055 43.0
1649676056 44.0
1649676057 45.0
1649676058 46.0
1649676059 46.0
1649676060 48.0
1649676061 49.0
1649676062 49.0
1649676063 49.0
1649676064 51.0
1649676065 52.0
1649676066 52.0
1649676067 52.0
1649676068 None
1649676069 None
1649676070 None
