1649415697 5797.0
1649415698 5797.0
1649415699 5797.0
1649415700 5797.0
1649415701 5797.0
1649415702 5797.0
1649415703 5797.0
1649415704 5797.0
1649415705 5797.0
1649415706 5797.0
1649415707 5797.0
1649415708 5797.0
1649415709 5797.0
1649415710 5797.0
1649415711 5797.0
1649415712 5797.0
1649415713 5797.0
1649415714 5797.0
1649415715 5797.0
1649415716 5797.0
1649415717 5797.0
1649415718 5797.0
1649415719 5797.0
1649415720 5797.0
1649415721 5797.0
1649415722 5797.0
1649415723 5797.0
1649415724 5797.0
1649415725 5797.0
1649415726 5797.0
1649415727 5797.0
1649415728 5797.0
1649415729 5797.0
1649415730 5797.0
1649415731 5797.0
1649415732 5797.0
1649415733 5797.0
1649415734 5797.0
1649415735 5797.0
1649415736 5797.0
1649415737 5797.0
1649415738 5797.0
1649415739 5797.0
1649415740 5797.0
1649415741 5797.0
1649415742 5797.0
1649415743 5797.0
1649415744 5797.0
1649415745 5797.0
1649415746 5797.0
1649415747 5797.0
1649415748 5797.0
1649415749 5797.0
1649415750 5797.0
1649415751 5797.0
1649415752 5797.0
1649415753 5797.0
1649415754 5797.0
1649415755 None
1649415756 None
