1649415698 3025.0
1649415699 3025.0
1649415700 3025.0
1649415701 3025.0
1649415702 3025.0
1649415703 3025.0
1649415704 3025.0
1649415705 3025.0
1649415706 3025.0
1649415707 3025.0
1649415708 3025.0
1649415709 3025.0
1649415710 3025.0
1649415711 3025.0
1649415712 3025.0
1649415713 3025.0
1649415714 3025.0
1649415715 3025.0
1649415716 3025.0
1649415717 3025.0
1649415718 3025.0
1649415719 3025.0
1649415720 3025.0
1649415721 3025.0
1649415722 3025.0
1649415723 3025.0
1649415724 3025.0
1649415725 3025.0
1649415726 3025.0
1649415727 3025.0
1649415728 3025.0
1649415729 3025.0
1649415730 3025.0
1649415731 3025.0
1649415732 3025.0
1649415733 3025.0
1649415734 3025.0
1649415735 3025.0
1649415736 3025.0
1649415737 3025.0
1649415738 3025.0
1649415739 3025.0
1649415740 3025.0
1649415741 3025.0
1649415742 3025.0
1649415743 3025.0
1649415744 3025.0
1649415745 3025.0
1649415746 3025.0
1649415747 3025.0
1649415748 3025.0
1649415749 3025.0
1649415750 3025.0
1649415751 3025.0
1649415752 3025.0
1649415753 3025.0
1649415754 3025.0
1649415755 None
1649415756 None
1649415757 None
