1649415698 1168.0
1649415699 1168.0
1649415700 1168.0
1649415701 1168.0
1649415702 1168.0
1649415703 1168.0
1649415704 1168.0
1649415705 1168.0
1649415706 1168.0
1649415707 1168.0
1649415708 1168.0
1649415709 1168.0
1649415710 1168.0
1649415711 1168.0
1649415712 1168.0
1649415713 1168.0
1649415714 1168.0
1649415715 1168.0
1649415716 1168.0
1649415717 1168.0
1649415718 1168.0
1649415719 1168.0
1649415720 1168.0
1649415721 1168.0
1649415722 1168.0
1649415723 1168.0
1649415724 1168.0
1649415725 1168.0
1649415726 1168.0
1649415727 1168.0
1649415728 1168.0
1649415729 1168.0
1649415730 1168.0
1649415731 1168.0
1649415732 1168.0
1649415733 1168.0
1649415734 1168.0
1649415735 1168.0
1649415736 1168.0
1649415737 1168.0
1649415738 1168.0
1649415739 1168.0
1649415740 1168.0
1649415741 1168.0
1649415742 1168.0
1649415743 1168.0
1649415744 1168.0
1649415745 1168.0
1649415746 1168.0
1649415747 1168.0
1649415748 1168.0
1649415749 1168.0
1649415750 1168.0
1649415751 1168.0
1649415752 1168.0
1649415753 1168.0
1649415754 1168.0
1649415755 None
1649415756 None
1649415757 None
