1649676010 1247.0
1649676011 1247.0
1649676012 1247.0
1649676013 1247.0
1649676014 1247.0
1649676015 1247.0
1649676016 1247.0
1649676017 1247.0
1649676018 1247.0
1649676019 1247.0
1649676020 1247.0
1649676021 1247.0
1649676022 1247.0
1649676023 1247.0
1649676024 1247.0
1649676025 1247.0
1649676026 1247.0
1649676027 1247.0
1649676028 1247.0
1649676029 1247.0
1649676030 1247.0
1649676031 1247.0
1649676032 1247.0
1649676033 1247.0
1649676034 1247.0
1649676035 1247.0
1649676036 1247.0
1649676037 1247.0
1649676038 1247.0
1649676039 1247.0
1649676040 1247.0
1649676041 1247.0
1649676042 1247.0
1649676043 1247.0
1649676044 1247.0
1649676045 1247.0
1649676046 1247.0
1649676047 1247.0
1649676048 1247.0
1649676049 1247.0
1649676050 1247.0
1649676051 1247.0
1649676052 1247.0
1649676053 1247.0
1649676054 1247.0
1649676055 1247.0
1649676056 1247.0
1649676057 1247.0
1649676058 1247.0
1649676059 1247.0
1649676060 1247.0
1649676061 1247.0
1649676062 1247.0
1649676063 1247.0
1649676064 1247.0
1649676065 1247.0
1649676066 1247.0
1649676067 1247.0
1649676068 None
1649676069 None
