1650018763 2686.0
1650018764 2686.0
1650018765 2686.0
1650018766 2686.0
1650018767 2686.0
1650018768 2686.0
1650018769 2686.0
1650018770 2686.0
1650018771 2686.0
1650018772 2686.0
1650018773 2686.0
1650018774 2686.0
1650018775 2686.0
1650018776 2686.0
1650018777 2686.0
1650018778 2686.0
1650018779 2686.0
1650018780 2686.0
1650018781 2686.0
1650018782 2686.0
1650018783 2686.0
1650018784 2686.0
1650018785 2686.0
1650018786 2686.0
1650018787 2686.0
1650018788 2686.0
1650018789 2686.0
1650018790 2686.0
1650018791 2686.0
1650018792 2686.0
1650018793 2686.0
1650018794 2686.0
1650018795 2686.0
1650018796 2686.0
1650018797 2686.0
1650018798 2686.0
1650018799 2686.0
1650018800 2686.0
1650018801 2686.0
1650018802 2686.0
1650018803 2686.0
1650018804 2686.0
1650018805 2686.0
1650018806 2686.0
1650018807 2686.0
1650018808 2686.0
1650018809 2686.0
1650018810 2686.0
1650018811 2686.0
1650018812 2686.0
1650018813 2686.0
1650018814 2686.0
1650018815 2686.0
1650018816 2686.0
1650018817 2686.0
1650018818 2686.0
1650018819 2686.0
1650018820 None
1650018821 None
1650018822 None
