1649354224 1202.0
1649354225 1202.0
1649354226 1202.0
1649354227 1202.0
1649354228 1202.0
1649354229 1202.0
1649354230 1202.0
1649354231 1202.0
1649354232 1202.0
1649354233 1202.0
1649354234 1202.0
1649354235 1202.0
1649354236 1202.0
1649354237 1202.0
1649354238 1202.0
1649354239 1202.0
1649354240 1202.0
1649354241 1202.0
1649354242 1202.0
1649354243 1202.0
1649354244 1202.0
1649354245 1202.0
1649354246 1202.0
1649354247 1202.0
1649354248 1202.0
1649354249 1202.0
1649354250 1202.0
1649354251 1202.0
1649354252 1202.0
1649354253 1202.0
1649354254 1202.0
1649354255 1202.0
1649354256 1202.0
1649354257 1202.0
1649354258 1202.0
1649354259 1202.0
1649354260 1202.0
1649354261 1202.0
1649354262 1202.0
1649354263 1202.0
1649354264 1202.0
1649354265 1202.0
1649354266 1202.0
1649354267 1202.0
1649354268 1202.0
1649354269 1202.0
1649354270 1202.0
1649354271 1202.0
1649354272 1202.0
1649354273 1202.0
1649354274 1202.0
1649354275 1202.0
1649354276 1202.0
1649354277 1202.0
1649354278 1202.0
1649354279 1202.0
1649354280 None
1649354281 None
1649354282 None
1649354283 None
