1650018763 28.0
1650018764 30.0
1650018765 30.0
1650018766 32.0
1650018767 33.0
1650018768 35.0
1650018769 35.0
1650018770 36.0
1650018771 38.0
1650018772 38.0
1650018773 38.0
1650018774 40.0
1650018775 40.0
1650018776 40.0
1650018777 42.0
1650018778 43.0
1650018779 45.0
1650018780 45.0
1650018781 46.0
1650018782 47.0
1650018783 48.0
1650018784 48.0
1650018785 49.0
1650018786 52.0
1650018787 53.0
1650018788 53.0
1650018789 53.0
1650018790 55.0
1650018791 57.0
1650018792 57.0
1650018793 57.0
1650018794 57.0
1650018795 57.0
1650018796 57.0
1650018797 58.0
1650018798 60.0
1650018799 60.0
1650018800 60.0
1650018801 62.0
1650018802 63.0
1650018803 63.0
1650018804 64.0
1650018805 67.0
1650018806 67.0
1650018807 67.0
1650018808 67.0
1650018809 68.0
1650018810 69.0
1650018811 69.0
1650018812 71.0
1650018813 74.0
1650018814 74.0
1650018815 74.0
1650018816 76.0
1650018817 76.0
1650018818 76.0
1650018819 76.0
1650018820 None
1650018821 None
1650018822 None
