1649758396 10.0
1649758397 10.0
1649758398 10.0
1649758399 11.0
1649758400 11.0
1649758401 12.0
1649758402 13.0
1649758403 15.0
1649758404 15.0
1649758405 16.0
1649758406 17.0
1649758407 18.0
1649758408 18.0
1649758409 18.0
1649758410 20.0
1649758411 20.0
1649758412 20.0
1649758413 20.0
1649758414 22.0
1649758415 23.0
1649758416 23.0
1649758417 24.0
1649758418 24.0
1649758419 25.0
1649758420 25.0
1649758421 26.0
1649758422 26.0
1649758423 26.0
1649758424 26.0
1649758425 27.0
1649758426 28.0
1649758427 28.0
1649758428 28.0
1649758429 29.0
1649758430 29.0
1649758431 30.0
1649758432 30.0
1649758433 31.0
1649758434 31.0
1649758435 32.0
1649758436 32.0
1649758437 32.0
1649758438 33.0
1649758439 34.0
1649758440 34.0
1649758441 35.0
1649758442 36.0
1649758443 36.0
1649758444 36.0
1649758445 37.0
1649758446 38.0
1649758447 38.0
1649758448 38.0
1649758449 39.0
1649758450 41.0
1649758451 41.0
1649758452 41.0
1649758453 None
1649758454 None
1649758455 None
