1649758396 39.0
1649758397 39.0
1649758398 39.0
1649758399 39.0
1649758400 39.0
1649758401 39.0
1649758402 39.0
1649758403 39.0
1649758404 39.0
1649758405 39.0
1649758406 39.0
1649758407 39.0
1649758408 39.0
1649758409 39.0
1649758410 39.0
1649758411 39.0
1649758412 39.0
1649758413 39.0
1649758414 39.0
1649758415 39.0
1649758416 39.0
1649758417 39.0
1649758418 39.0
1649758419 39.0
1649758420 39.0
1649758421 39.0
1649758422 39.0
1649758423 39.0
1649758424 39.0
1649758425 39.0
1649758426 39.0
1649758427 39.0
1649758428 39.0
1649758429 39.0
1649758430 39.0
1649758431 39.0
1649758432 39.0
1649758433 39.0
1649758434 39.0
1649758435 39.0
1649758436 39.0
1649758437 39.0
1649758438 39.0
1649758439 39.0
1649758440 39.0
1649758441 39.0
1649758442 39.0
1649758443 39.0
1649758444 39.0
1649758445 39.0
1649758446 39.0
1649758447 39.0
1649758448 39.0
1649758449 39.0
1649758450 39.0
1649758451 39.0
1649758452 39.0
1649758453 None
1649758454 None
1649758455 None
