1650018762 1531.0
1650018763 1531.0
1650018764 1531.0
1650018765 1531.0
1650018766 1531.0
1650018767 1531.0
1650018768 1531.0
1650018769 1531.0
1650018770 1531.0
1650018771 1531.0
1650018772 1531.0
1650018773 1531.0
1650018774 1531.0
1650018775 1531.0
1650018776 1531.0
1650018777 1531.0
1650018778 1531.0
1650018779 1531.0
1650018780 1531.0
1650018781 1531.0
1650018782 1531.0
1650018783 1531.0
1650018784 1531.0
1650018785 1531.0
1650018786 1531.0
1650018787 1531.0
1650018788 1531.0
1650018789 1531.0
1650018790 1531.0
1650018791 1531.0
1650018792 1531.0
1650018793 1531.0
1650018794 1531.0
1650018795 1531.0
1650018796 1531.0
1650018797 1531.0
1650018798 1531.0
1650018799 1531.0
1650018800 1531.0
1650018801 1531.0
1650018802 1531.0
1650018803 1531.0
1650018804 1531.0
1650018805 1531.0
1650018806 1531.0
1650018807 1531.0
1650018808 1531.0
1650018809 1531.0
1650018810 1531.0
1650018811 1531.0
1650018812 1531.0
1650018813 1531.0
1650018814 1531.0
1650018815 1531.0
1650018816 1531.0
1650018817 1531.0
1650018818 1531.0
1650018819 1531.0
1650018820 None
1650018821 None
