1649758396 902.0
1649758397 902.0
1649758398 902.0
1649758399 902.0
1649758400 902.0
1649758401 902.0
1649758402 902.0
1649758403 902.0
1649758404 902.0
1649758405 902.0
1649758406 902.0
1649758407 902.0
1649758408 902.0
1649758409 902.0
1649758410 902.0
1649758411 902.0
1649758412 902.0
1649758413 902.0
1649758414 902.0
1649758415 902.0
1649758416 902.0
1649758417 902.0
1649758418 902.0
1649758419 902.0
1649758420 902.0
1649758421 902.0
1649758422 902.0
1649758423 902.0
1649758424 902.0
1649758425 902.0
1649758426 902.0
1649758427 902.0
1649758428 902.0
1649758429 902.0
1649758430 902.0
1649758431 902.0
1649758432 902.0
1649758433 902.0
1649758434 902.0
1649758435 902.0
1649758436 902.0
1649758437 902.0
1649758438 902.0
1649758439 902.0
1649758440 902.0
1649758441 902.0
1649758442 902.0
1649758443 902.0
1649758444 902.0
1649758445 902.0
1649758446 902.0
1649758447 902.0
1649758448 902.0
1649758449 902.0
1649758450 902.0
1649758451 902.0
1649758452 902.0
1649758453 None
1649758454 None
1649758455 None
