1649354222 235.0
1649354223 235.0
1649354224 235.0
1649354225 235.0
1649354226 235.0
1649354227 235.0
1649354228 235.0
1649354229 235.0
1649354230 235.0
1649354231 235.0
1649354232 235.0
1649354233 235.0
1649354234 235.0
1649354235 235.0
1649354236 235.0
1649354237 235.0
1649354238 235.0
1649354239 235.0
1649354240 235.0
1649354241 235.0
1649354242 235.0
1649354243 235.0
1649354244 235.0
1649354245 235.0
1649354246 235.0
1649354247 235.0
1649354248 235.0
1649354249 235.0
1649354250 235.0
1649354251 235.0
1649354252 235.0
1649354253 235.0
1649354254 235.0
1649354255 235.0
1649354256 235.0
1649354257 235.0
1649354258 235.0
1649354259 235.0
1649354260 235.0
1649354261 235.0
1649354262 235.0
1649354263 235.0
1649354264 235.0
1649354265 235.0
1649354266 235.0
1649354267 235.0
1649354268 235.0
1649354269 235.0
1649354270 235.0
1649354271 235.0
1649354272 235.0
1649354273 235.0
1649354274 235.0
1649354275 235.0
1649354276 235.0
1649354277 235.0
1649354278 235.0
1649354279 235.0
1649354280 None
1649354281 None
