1651505914 54.0
1651505915 54.0
1651505916 54.0
1651505917 54.0
1651505918 54.0
1651505919 54.0
1651505920 54.0
1651505921 54.0
1651505922 54.0
1651505923 54.0
1651505924 54.0
1651505925 54.0
1651505926 54.0
1651505927 54.0
1651505928 54.0
1651505929 54.0
1651505930 54.0
1651505931 54.0
1651505932 54.0
1651505933 54.0
1651505934 54.0
1651505935 54.0
1651505936 54.0
1651505937 54.0
1651505938 54.0
1651505939 54.0
1651505940 54.0
1651505941 54.0
1651505942 54.0
1651505943 54.0
1651505944 54.0
1651505945 54.0
1651505946 54.0
1651505947 54.0
1651505948 54.0
1651505949 54.0
1651505950 54.0
1651505951 54.0
1651505952 54.0
1651505953 54.0
1651505954 54.0
1651505955 54.0
1651505956 54.0
1651505957 54.0
1651505958 54.0
1651505959 54.0
1651505960 54.0
1651505961 54.0
1651505962 54.0
1651505963 54.0
1651505964 54.0
1651505965 54.0
1651505966 54.0
1651505967 54.0
1651505968 54.0
1651505969 54.0
1651505970 54.0
1651505971 54.0
1651505972 54.0
1651505973 54.0
1651505974 54.0
1651505975 54.0
1651505976 54.0
1651505977 54.0
1651505978 54.0
1651505979 54.0
1651505980 54.0
1651505981 54.0
1651505982 54.0
1651505983 54.0
1651505984 54.0
1651505985 54.0
1651505986 54.0
1651505987 54.0
1651505988 54.0
1651505989 54.0
1651505990 54.0
1651505991 54.0
1651505992 54.0
1651505993 54.0
1651505994 54.0
1651505995 54.0
1651505996 54.0
1651505997 54.0
1651505998 54.0
1651505999 54.0
1651506000 54.0
1651506001 54.0
1651506002 54.0
1651506003 54.0
1651506004 54.0
1651506005 54.0
1651506006 54.0
1651506007 54.0
1651506008 54.0
1651506009 54.0
1651506010 54.0
1651506011 54.0
1651506012 54.0
1651506013 54.0
1651506014 54.0
1651506015 54.0
1651506016 54.0
1651506017 54.0
1651506018 54.0
1651506019 54.0
1651506020 54.0
1651506021 54.0
1651506022 54.0
1651506023 54.0
1651506024 54.0
1651506025 54.0
1651506026 54.0
1651506027 54.0
1651506028 54.0
1651506029 54.0
1651506030 54.0
1651506031 54.0
1651506032 54.0
1651506033 None
