1651566308 1726.0
1651566309 1726.0
1651566310 1726.0
1651566311 1726.0
1651566312 1726.0
1651566313 1726.0
1651566314 1726.0
1651566315 1726.0
1651566316 1726.0
1651566317 1726.0
1651566318 1726.0
1651566319 1726.0
1651566320 1726.0
1651566321 1726.0
1651566322 1726.0
1651566323 1726.0
1651566324 1726.0
1651566325 1726.0
1651566326 1726.0
1651566327 1726.0
1651566328 1726.0
1651566329 1726.0
1651566330 1726.0
1651566331 1726.0
1651566332 1726.0
1651566333 1726.0
1651566334 1726.0
1651566335 1726.0
1651566336 1726.0
1651566337 1726.0
1651566338 1726.0
1651566339 1726.0
1651566340 1726.0
1651566341 1726.0
1651566342 1726.0
1651566343 1726.0
1651566344 1726.0
1651566345 1726.0
1651566346 1726.0
1651566347 1726.0
1651566348 1726.0
1651566349 1726.0
1651566350 1726.0
1651566351 1726.0
1651566352 1726.0
1651566353 1726.0
1651566354 1726.0
1651566355 1726.0
1651566356 1726.0
1651566357 1726.0
1651566358 1726.0
1651566359 1726.0
1651566360 1726.0
1651566361 1726.0
1651566362 1726.0
1651566363 1726.0
1651566364 1726.0
1651566365 1726.0
1651566366 1726.0
1651566367 1726.0
1651566368 1726.0
1651566369 1726.0
1651566370 1726.0
1651566371 1726.0
1651566372 1726.0
1651566373 1726.0
1651566374 1726.0
1651566375 1726.0
1651566376 1726.0
1651566377 1726.0
1651566378 1726.0
1651566379 1726.0
1651566380 1726.0
1651566381 1726.0
1651566382 1726.0
1651566383 1726.0
1651566384 1726.0
1651566385 1726.0
1651566386 1726.0
1651566387 1726.0
1651566388 1726.0
1651566389 1726.0
1651566390 1726.0
1651566391 1726.0
1651566392 1726.0
1651566393 1726.0
1651566394 1726.0
1651566395 1726.0
1651566396 1726.0
1651566397 1726.0
1651566398 1726.0
1651566399 1726.0
1651566400 1726.0
1651566401 1726.0
1651566402 1726.0
1651566403 1726.0
1651566404 1726.0
1651566405 1726.0
1651566406 1726.0
1651566407 1726.0
1651566408 1726.0
1651566409 1726.0
1651566410 1726.0
1651566411 1726.0
1651566412 1726.0
1651566413 1726.0
1651566414 1726.0
1651566415 1726.0
1651566416 1726.0
1651566417 1726.0
1651566418 1726.0
1651566419 1726.0
1651566420 1726.0
1651566421 1726.0
1651566422 1726.0
1651566423 1726.0
1651566424 1726.0
1651566425 1726.0
1651566426 1726.0
1651566427 None
