1652687494 1476.0
1652687495 1476.0
1652687496 1476.0
1652687497 1476.0
1652687498 1476.0
1652687499 1476.0
1652687500 1496.0
1652687501 1496.0
1652687502 1496.0
1652687503 1496.0
1652687504 1496.0
1652687505 1496.0
1652687506 1496.0
1652687507 1496.0
1652687508 1496.0
1652687509 1496.0
1652687510 1496.0
1652687511 1496.0
1652687512 1496.0
1652687513 1496.0
1652687514 1496.0
1652687515 1496.0
1652687516 1496.0
1652687517 1496.0
1652687518 1496.0
1652687519 1496.0
1652687520 1496.0
1652687521 1496.0
1652687522 1496.0
1652687523 1496.0
1652687524 1496.0
1652687525 1496.0
1652687526 1496.0
1652687527 1496.0
1652687528 1496.0
1652687529 1496.0
1652687530 1496.0
1652687531 1496.0
1652687532 1496.0
1652687533 1496.0
1652687534 1496.0
1652687535 1496.0
1652687536 1496.0
1652687537 1496.0
1652687538 1496.0
1652687539 1496.0
1652687540 1496.0
1652687541 1496.0
1652687542 1496.0
1652687543 1496.0
1652687544 1496.0
1652687545 1496.0
1652687546 1496.0
1652687547 1496.0
1652687548 1496.0
1652687549 1496.0
1652687550 1496.0
1652687551 1496.0
1652687552 1496.0
1652687553 1496.0
1652687554 1496.0
1652687555 1496.0
1652687556 1496.0
1652687557 1496.0
1652687558 1496.0
1652687559 1496.0
1652687560 1496.0
1652687561 1496.0
1652687562 1496.0
1652687563 1496.0
1652687564 1496.0
1652687565 1496.0
1652687566 1496.0
1652687567 1496.0
1652687568 1496.0
1652687569 1496.0
1652687570 1496.0
1652687571 1496.0
1652687572 1496.0
1652687573 1496.0
1652687574 1496.0
1652687575 1496.0
1652687576 1496.0
1652687577 1496.0
1652687578 1496.0
1652687579 1496.0
1652687580 1496.0
1652687581 1496.0
1652687582 1496.0
1652687583 1496.0
1652687584 1496.0
1652687585 1496.0
1652687586 1496.0
1652687587 1496.0
1652687588 1496.0
1652687589 1496.0
1652687590 1496.0
1652687591 1496.0
1652687592 1496.0
1652687593 1496.0
1652687594 1496.0
1652687595 1496.0
1652687596 1496.0
1652687597 1496.0
1652687598 1496.0
1652687599 1496.0
1652687600 1496.0
1652687601 1496.0
1652687602 1496.0
1652687603 1496.0
1652687604 1496.0
1652687605 1496.0
1652687606 1496.0
1652687607 1496.0
1652687608 1496.0
1652687609 1496.0
1652687610 1496.0
1652687611 1496.0
1652687612 None
1652687613 None
