1651566308 1987.0
1651566309 1987.0
1651566310 1987.0
1651566311 1987.0
1651566312 1987.0
1651566313 1987.0
1651566314 1987.0
1651566315 1987.0
1651566316 1987.0
1651566317 1987.0
1651566318 1987.0
1651566319 1987.0
1651566320 1987.0
1651566321 1987.0
1651566322 1987.0
1651566323 1987.0
1651566324 1987.0
1651566325 1987.0
1651566326 1987.0
1651566327 1987.0
1651566328 1987.0
1651566329 1987.0
1651566330 1987.0
1651566331 1987.0
1651566332 1987.0
1651566333 1987.0
1651566334 1987.0
1651566335 1987.0
1651566336 1987.0
1651566337 1987.0
1651566338 1987.0
1651566339 1987.0
1651566340 1987.0
1651566341 1987.0
1651566342 1987.0
1651566343 1987.0
1651566344 1987.0
1651566345 1987.0
1651566346 1987.0
1651566347 1987.0
1651566348 1987.0
1651566349 1987.0
1651566350 1987.0
1651566351 1987.0
1651566352 1987.0
1651566353 1987.0
1651566354 1987.0
1651566355 1987.0
1651566356 1987.0
1651566357 1987.0
1651566358 1987.0
1651566359 1987.0
1651566360 1987.0
1651566361 1987.0
1651566362 1987.0
1651566363 1987.0
1651566364 1987.0
1651566365 1987.0
1651566366 1987.0
1651566367 1987.0
1651566368 1987.0
1651566369 1987.0
1651566370 1987.0
1651566371 1987.0
1651566372 1987.0
1651566373 1987.0
1651566374 1987.0
1651566375 1987.0
1651566376 1987.0
1651566377 1987.0
1651566378 1987.0
1651566379 1987.0
1651566380 1987.0
1651566381 1987.0
1651566382 1987.0
1651566383 1987.0
1651566384 1987.0
1651566385 1987.0
1651566386 1987.0
1651566387 1987.0
1651566388 1987.0
1651566389 1987.0
1651566390 1987.0
1651566391 1987.0
1651566392 1987.0
1651566393 1987.0
1651566394 1987.0
1651566395 1987.0
1651566396 1987.0
1651566397 1987.0
1651566398 1987.0
1651566399 1987.0
1651566400 1987.0
1651566401 1987.0
1651566402 1987.0
1651566403 1987.0
1651566404 1987.0
1651566405 1987.0
1651566406 1987.0
1651566407 1987.0
1651566408 1987.0
1651566409 1987.0
1651566410 1987.0
1651566411 1987.0
1651566412 1987.0
1651566413 1987.0
1651566414 1987.0
1651566415 1987.0
1651566416 1987.0
1651566417 1987.0
1651566418 1987.0
1651566419 1987.0
1651566420 1987.0
1651566421 1987.0
1651566422 1987.0
1651566423 1987.0
1651566424 1987.0
1651566425 1987.0
1651566426 1987.0
1651566427 None
