1651653200 4.0
1651653201 5.0
1651653202 7.0
1651653203 8.0
1651653204 9.0
1651653205 10.0
1651653206 12.0
1651653207 12.0
1651653208 13.0
1651653209 14.0
1651653210 15.0
1651653211 16.0
1651653212 18.0
1651653213 19.0
1651653214 20.0
1651653215 21.0
1651653216 22.0
1651653217 23.0
1651653218 24.0
1651653219 25.0
1651653220 26.0
1651653221 27.0
1651653222 28.0
1651653223 28.0
1651653224 29.0
1651653225 31.0
1651653226 31.0
1651653227 32.0
1651653228 34.0
1651653229 34.0
1651653230 36.0
1651653231 37.0
1651653232 38.0
1651653233 38.0
1651653234 39.0
1651653235 40.0
1651653236 40.0
1651653237 41.0
1651653238 42.0
1651653239 43.0
1651653240 44.0
1651653241 45.0
1651653242 46.0
1651653243 46.0
1651653244 48.0
1651653245 48.0
1651653246 49.0
1651653247 50.0
1651653248 51.0
1651653249 53.0
1651653250 53.0
1651653251 54.0
1651653252 55.0
1651653253 56.0
1651653254 57.0
1651653255 58.0
1651653256 59.0
1651653257 60.0
1651653258 61.0
1651653259 62.0
1651653260 63.0
1651653261 64.0
1651653262 65.0
1651653263 66.0
1651653264 66.0
1651653265 67.0
1651653266 68.0
1651653267 69.0
1651653268 70.0
1651653269 72.0
1651653270 73.0
1651653271 73.0
1651653272 75.0
1651653273 76.0
1651653274 77.0
1651653275 78.0
1651653276 79.0
1651653277 80.0
1651653278 81.0
1651653279 82.0
1651653280 83.0
1651653281 84.0
1651653282 85.0
1651653283 85.0
1651653284 87.0
1651653285 88.0
1651653286 89.0
1651653287 91.0
1651653288 92.0
1651653289 93.0
1651653290 94.0
1651653291 94.0
1651653292 94.0
1651653293 94.0
1651653294 95.0
1651653295 96.0
1651653296 97.0
1651653297 98.0
1651653298 99.0
1651653299 100.0
1651653300 101.0
1651653301 103.0
1651653302 104.0
1651653303 104.0
1651653304 105.0
1651653305 105.0
1651653306 106.0
1651653307 107.0
1651653308 108.0
1651653309 110.0
1651653310 111.0
1651653311 112.0
1651653312 113.0
1651653313 114.0
1651653314 114.0
1651653315 115.0
1651653316 116.0
1651653317 117.0
1651653318 119.0
1651653319 None
