1651566308 1.0
1651566309 1.0
1651566310 2.0
1651566311 2.0
1651566312 3.0
1651566313 3.0
1651566314 3.0
1651566315 3.0
1651566316 3.0
1651566317 3.0
1651566318 4.0
1651566319 4.0
1651566320 4.0
1651566321 4.0
1651566322 4.0
1651566323 5.0
1651566324 5.0
1651566325 6.0
1651566326 6.0
1651566327 7.0
1651566328 8.0
1651566329 8.0
1651566330 8.0
1651566331 8.0
1651566332 8.0
1651566333 9.0
1651566334 9.0
1651566335 9.0
1651566336 10.0
1651566337 10.0
1651566338 10.0
1651566339 10.0
1651566340 11.0
1651566341 12.0
1651566342 12.0
1651566343 13.0
1651566344 13.0
1651566345 14.0
1651566346 14.0
1651566347 14.0
1651566348 14.0
1651566349 15.0
1651566350 15.0
1651566351 15.0
1651566352 15.0
1651566353 16.0
1651566354 16.0
1651566355 16.0
1651566356 17.0
1651566357 17.0
1651566358 18.0
1651566359 18.0
1651566360 18.0
1651566361 18.0
1651566362 18.0
1651566363 19.0
1651566364 19.0
1651566365 20.0
1651566366 20.0
1651566367 20.0
1651566368 20.0
1651566369 20.0
1651566370 21.0
1651566371 21.0
1651566372 22.0
1651566373 22.0
1651566374 22.0
1651566375 22.0
1651566376 23.0
1651566377 23.0
1651566378 23.0
1651566379 24.0
1651566380 25.0
1651566381 25.0
1651566382 25.0
1651566383 25.0
1651566384 26.0
1651566385 26.0
1651566386 26.0
1651566387 27.0
1651566388 27.0
1651566389 28.0
1651566390 28.0
1651566391 29.0
1651566392 30.0
1651566393 30.0
1651566394 31.0
1651566395 31.0
1651566396 32.0
1651566397 32.0
1651566398 33.0
1651566399 33.0
1651566400 34.0
1651566401 35.0
1651566402 35.0
1651566403 36.0
1651566404 36.0
1651566405 36.0
1651566406 36.0
1651566407 37.0
1651566408 37.0
1651566409 38.0
1651566410 38.0
1651566411 38.0
1651566412 38.0
1651566413 38.0
1651566414 39.0
1651566415 39.0
1651566416 40.0
1651566417 40.0
1651566418 40.0
1651566419 41.0
1651566420 41.0
1651566421 42.0
1651566422 42.0
1651566423 43.0
1651566424 43.0
1651566425 44.0
1651566426 44.0
1651566427 None
