1652204678 812.0
1652204679 812.0
1652204680 812.0
1652204681 812.0
1652204682 812.0
1652204683 812.0
1652204684 812.0
1652204685 812.0
1652204686 812.0
1652204687 812.0
1652204688 812.0
1652204689 812.0
1652204690 812.0
1652204691 812.0
1652204692 812.0
1652204693 812.0
1652204694 812.0
1652204695 812.0
1652204696 812.0
1652204697 812.0
1652204698 812.0
1652204699 812.0
1652204700 812.0
1652204701 812.0
1652204702 812.0
1652204703 812.0
1652204704 812.0
1652204705 812.0
1652204706 812.0
1652204707 812.0
1652204708 812.0
1652204709 812.0
1652204710 812.0
1652204711 812.0
1652204712 812.0
1652204713 812.0
1652204714 812.0
1652204715 812.0
1652204716 812.0
1652204717 812.0
1652204718 812.0
1652204719 812.0
1652204720 812.0
1652204721 812.0
1652204722 812.0
1652204723 812.0
1652204724 812.0
1652204725 812.0
1652204726 812.0
1652204727 812.0
1652204728 812.0
1652204729 812.0
1652204730 812.0
1652204731 812.0
1652204732 812.0
1652204733 812.0
1652204734 812.0
1652204735 812.0
1652204736 812.0
1652204737 812.0
1652204738 812.0
1652204739 812.0
1652204740 812.0
1652204741 812.0
1652204742 812.0
1652204743 812.0
1652204744 812.0
1652204745 812.0
1652204746 812.0
1652204747 812.0
1652204748 812.0
1652204749 812.0
1652204750 812.0
1652204751 812.0
1652204752 812.0
1652204753 812.0
1652204754 812.0
1652204755 812.0
1652204756 812.0
1652204757 812.0
1652204758 812.0
1652204759 812.0
1652204760 812.0
1652204761 812.0
1652204762 812.0
1652204763 812.0
1652204764 812.0
1652204765 812.0
1652204766 812.0
1652204767 812.0
1652204768 812.0
1652204769 812.0
1652204770 812.0
1652204771 812.0
1652204772 812.0
1652204773 812.0
1652204774 812.0
1652204775 812.0
1652204776 812.0
1652204777 812.0
1652204778 812.0
1652204779 812.0
1652204780 812.0
1652204781 812.0
1652204782 812.0
1652204783 812.0
1652204784 812.0
1652204785 812.0
1652204786 812.0
1652204787 812.0
1652204788 812.0
1652204789 812.0
1652204790 812.0
1652204791 812.0
1652204792 812.0
1652204793 812.0
1652204794 812.0
1652204795 812.0
1652204796 812.0
1652204797 None
