1651653200 1927.0
1651653201 1927.0
1651653202 1927.0
1651653203 1927.0
1651653204 1927.0
1651653205 1927.0
1651653206 1934.0
1651653207 1934.0
1651653208 1934.0
1651653209 1934.0
1651653210 1934.0
1651653211 1934.0
1651653212 1934.0
1651653213 1934.0
1651653214 1934.0
1651653215 1934.0
1651653216 1934.0
1651653217 1934.0
1651653218 1934.0
1651653219 1934.0
1651653220 1934.0
1651653221 1934.0
1651653222 1934.0
1651653223 1934.0
1651653224 1934.0
1651653225 1934.0
1651653226 1934.0
1651653227 1934.0
1651653228 1934.0
1651653229 1934.0
1651653230 1934.0
1651653231 1934.0
1651653232 1934.0
1651653233 1934.0
1651653234 1934.0
1651653235 1934.0
1651653236 1934.0
1651653237 1934.0
1651653238 1934.0
1651653239 1934.0
1651653240 1934.0
1651653241 1934.0
1651653242 1934.0
1651653243 1934.0
1651653244 1934.0
1651653245 1934.0
1651653246 1934.0
1651653247 1934.0
1651653248 1934.0
1651653249 1934.0
1651653250 1934.0
1651653251 1934.0
1651653252 1934.0
1651653253 1934.0
1651653254 1934.0
1651653255 1934.0
1651653256 1934.0
1651653257 1934.0
1651653258 1934.0
1651653259 1934.0
1651653260 1934.0
1651653261 1934.0
1651653262 1934.0
1651653263 1934.0
1651653264 1934.0
1651653265 1934.0
1651653266 1934.0
1651653267 1934.0
1651653268 1934.0
1651653269 1934.0
1651653270 1934.0
1651653271 1934.0
1651653272 1934.0
1651653273 1934.0
1651653274 1934.0
1651653275 1934.0
1651653276 1934.0
1651653277 1934.0
1651653278 1934.0
1651653279 1934.0
1651653280 1934.0
1651653281 1934.0
1651653282 1934.0
1651653283 1934.0
1651653284 1934.0
1651653285 1934.0
1651653286 1934.0
1651653287 1934.0
1651653288 1934.0
1651653289 1934.0
1651653290 1934.0
1651653291 1934.0
1651653292 1934.0
1651653293 1934.0
1651653294 1934.0
1651653295 1934.0
1651653296 1934.0
1651653297 1934.0
1651653298 1934.0
1651653299 1934.0
1651653300 1934.0
1651653301 1934.0
1651653302 1934.0
1651653303 1934.0
1651653304 1934.0
1651653305 1934.0
1651653306 1934.0
1651653307 1934.0
1651653308 1934.0
1651653309 1934.0
1651653310 1934.0
1651653311 1934.0
1651653312 1934.0
1651653313 1934.0
1651653314 1934.0
1651653315 1934.0
1651653316 1934.0
1651653317 1934.0
1651653318 1934.0
1651653319 None
