1651653200 4402.0
1651653201 4402.0
1651653202 4402.0
1651653203 4402.0
1651653204 4402.0
1651653205 4402.0
1651653206 4402.0
1651653207 4402.0
1651653208 4402.0
1651653209 4402.0
1651653210 4402.0
1651653211 4402.0
1651653212 4402.0
1651653213 4402.0
1651653214 4402.0
1651653215 4402.0
1651653216 4402.0
1651653217 4402.0
1651653218 4402.0
1651653219 4402.0
1651653220 4402.0
1651653221 4402.0
1651653222 4402.0
1651653223 4402.0
1651653224 4402.0
1651653225 4402.0
1651653226 4402.0
1651653227 4402.0
1651653228 4402.0
1651653229 4402.0
1651653230 4402.0
1651653231 4402.0
1651653232 4402.0
1651653233 4402.0
1651653234 4402.0
1651653235 4402.0
1651653236 4402.0
1651653237 4402.0
1651653238 4402.0
1651653239 4402.0
1651653240 4402.0
1651653241 4402.0
1651653242 4402.0
1651653243 4402.0
1651653244 4402.0
1651653245 4402.0
1651653246 4402.0
1651653247 4402.0
1651653248 4402.0
1651653249 4402.0
1651653250 4402.0
1651653251 4402.0
1651653252 4402.0
1651653253 4402.0
1651653254 4402.0
1651653255 4402.0
1651653256 4402.0
1651653257 4402.0
1651653258 4402.0
1651653259 4402.0
1651653260 4402.0
1651653261 4402.0
1651653262 4402.0
1651653263 4402.0
1651653264 4402.0
1651653265 4402.0
1651653266 4402.0
1651653267 4402.0
1651653268 4402.0
1651653269 4402.0
1651653270 4402.0
1651653271 4402.0
1651653272 4402.0
1651653273 4402.0
1651653274 4402.0
1651653275 4402.0
1651653276 4402.0
1651653277 4402.0
1651653278 4402.0
1651653279 4402.0
1651653280 4402.0
1651653281 4402.0
1651653282 4402.0
1651653283 4402.0
1651653284 4402.0
1651653285 4402.0
1651653286 4402.0
1651653287 4402.0
1651653288 4402.0
1651653289 4402.0
1651653290 4402.0
1651653291 4402.0
1651653292 4402.0
1651653293 4402.0
1651653294 4402.0
1651653295 4402.0
1651653296 4402.0
1651653297 4402.0
1651653298 4402.0
1651653299 4402.0
1651653300 4402.0
1651653301 4402.0
1651653302 4402.0
1651653303 4402.0
1651653304 4402.0
1651653305 4402.0
1651653306 4402.0
1651653307 4402.0
1651653308 4402.0
1651653309 4402.0
1651653310 4402.0
1651653311 4402.0
1651653312 4402.0
1651653313 4402.0
1651653314 4402.0
1651653315 4402.0
1651653316 4402.0
1651653317 4402.0
1651653318 4402.0
1651653319 None
