1652204678 4.0
1652204679 4.0
1652204680 4.0
1652204681 5.0
1652204682 5.0
1652204683 6.0
1652204684 7.0
1652204685 8.0
1652204686 8.0
1652204687 8.0
1652204688 8.0
1652204689 9.0
1652204690 9.0
1652204691 10.0
1652204692 10.0
1652204693 10.0
1652204694 10.0
1652204695 10.0
1652204696 10.0
1652204697 11.0
1652204698 12.0
1652204699 12.0
1652204700 13.0
1652204701 14.0
1652204702 15.0
1652204703 16.0
1652204704 17.0
1652204705 18.0
1652204706 19.0
1652204707 19.0
1652204708 20.0
1652204709 21.0
1652204710 22.0
1652204711 22.0
1652204712 23.0
1652204713 24.0
1652204714 24.0
1652204715 24.0
1652204716 24.0
1652204717 25.0
1652204718 25.0
1652204719 26.0
1652204720 26.0
1652204721 27.0
1652204722 28.0
1652204723 29.0
1652204724 29.0
1652204725 29.0
1652204726 30.0
1652204727 31.0
1652204728 32.0
1652204729 32.0
1652204730 33.0
1652204731 33.0
1652204732 34.0
1652204733 35.0
1652204734 36.0
1652204735 37.0
1652204736 37.0
1652204737 38.0
1652204738 39.0
1652204739 39.0
1652204740 40.0
1652204741 41.0
1652204742 42.0
1652204743 42.0
1652204744 43.0
1652204745 44.0
1652204746 44.0
1652204747 45.0
1652204748 46.0
1652204749 46.0
1652204750 46.0
1652204751 47.0
1652204752 48.0
1652204753 48.0
1652204754 49.0
1652204755 49.0
1652204756 50.0
1652204757 50.0
1652204758 51.0
1652204759 51.0
1652204760 51.0
1652204761 52.0
1652204762 53.0
1652204763 53.0
1652204764 53.0
1652204765 54.0
1652204766 54.0
1652204767 55.0
1652204768 56.0
1652204769 56.0
1652204770 57.0
1652204771 57.0
1652204772 57.0
1652204773 57.0
1652204774 57.0
1652204775 58.0
1652204776 58.0
1652204777 58.0
1652204778 58.0
1652204779 58.0
1652204780 58.0
1652204781 59.0
1652204782 59.0
1652204783 60.0
1652204784 60.0
1652204785 61.0
1652204786 61.0
1652204787 62.0
1652204788 63.0
1652204789 63.0
1652204790 64.0
1652204791 65.0
1652204792 66.0
1652204793 66.0
1652204794 67.0
1652204795 68.0
1652204796 68.0
1652204797 None
