1652212821 53291.0
1652212822 53291.0
1652212823 53291.0
1652212824 53291.0
1652212825 53291.0
1652212826 53291.0
1652212827 53288.0
1652212828 53288.0
1652212829 53288.0
1652212830 53288.0
1652212831 53288.0
1652212832 53288.0
1652212833 53288.0
1652212834 53288.0
1652212835 53288.0
1652212836 53288.0
1652212837 53288.0
1652212838 53288.0
1652212839 53288.0
1652212840 53288.0
1652212841 53288.0
1652212842 53288.0
1652212843 53288.0
1652212844 53288.0
1652212845 53288.0
1652212846 53288.0
1652212847 53288.0
1652212848 53288.0
1652212849 53288.0
1652212850 53288.0
1652212851 53288.0
1652212852 53288.0
1652212853 53288.0
1652212854 53288.0
1652212855 53288.0
1652212856 53288.0
1652212857 53288.0
1652212858 53288.0
1652212859 53288.0
1652212860 53288.0
1652212861 53288.0
1652212862 53288.0
1652212863 53288.0
1652212864 53288.0
1652212865 53288.0
1652212866 53288.0
1652212867 53288.0
1652212868 53288.0
1652212869 53288.0
1652212870 53288.0
1652212871 53288.0
1652212872 53288.0
1652212873 53288.0
1652212874 53288.0
1652212875 53288.0
1652212876 53288.0
1652212877 53288.0
1652212878 53288.0
1652212879 53288.0
1652212880 53288.0
1652212881 53288.0
1652212882 53288.0
1652212883 53288.0
1652212884 53288.0
1652212885 53288.0
1652212886 53288.0
1652212887 53288.0
1652212888 53288.0
1652212889 53288.0
1652212890 53288.0
1652212891 53288.0
1652212892 53288.0
1652212893 53288.0
1652212894 53288.0
1652212895 53288.0
1652212896 53288.0
1652212897 53288.0
1652212898 53288.0
1652212899 53288.0
1652212900 53288.0
1652212901 53288.0
1652212902 53288.0
1652212903 53288.0
1652212904 53288.0
1652212905 53288.0
1652212906 53288.0
1652212907 53288.0
1652212908 53288.0
1652212909 53288.0
1652212910 53288.0
1652212911 53288.0
1652212912 53288.0
1652212913 53288.0
1652212914 53288.0
1652212915 53288.0
1652212916 53288.0
1652212917 53288.0
1652212918 53288.0
1652212919 53288.0
1652212920 53288.0
1652212921 53288.0
1652212922 53288.0
1652212923 53288.0
1652212924 53288.0
1652212925 53288.0
1652212926 53288.0
1652212927 53288.0
1652212928 53288.0
1652212929 53288.0
1652212930 53288.0
1652212931 53288.0
1652212932 53288.0
1652212933 53288.0
1652212934 53288.0
1652212935 53288.0
1652212936 53288.0
1652212937 53288.0
1652212938 53288.0
1652212939 53288.0
1652212940 None
