1652081441 2016.0
1652081442 2016.0
1652081443 2016.0
1652081444 2016.0
1652081445 2016.0
1652081446 2016.0
1652081447 2014.0
1652081448 2014.0
1652081449 2014.0
1652081450 2014.0
1652081451 2014.0
1652081452 2014.0
1652081453 2014.0
1652081454 2014.0
1652081455 2014.0
1652081456 2014.0
1652081457 2014.0
1652081458 2014.0
1652081459 2014.0
1652081460 2014.0
1652081461 2014.0
1652081462 2014.0
1652081463 2014.0
1652081464 2014.0
1652081465 2014.0
1652081466 2014.0
1652081467 2014.0
1652081468 2014.0
1652081469 2014.0
1652081470 2014.0
1652081471 2014.0
1652081472 2014.0
1652081473 2014.0
1652081474 2014.0
1652081475 2014.0
1652081476 2014.0
1652081477 2014.0
1652081478 2014.0
1652081479 2014.0
1652081480 2014.0
1652081481 2014.0
1652081482 2014.0
1652081483 2014.0
1652081484 2014.0
1652081485 2014.0
1652081486 2014.0
1652081487 2014.0
1652081488 2014.0
1652081489 2014.0
1652081490 2014.0
1652081491 2014.0
1652081492 2014.0
1652081493 2014.0
1652081494 2014.0
1652081495 2014.0
1652081496 2014.0
1652081497 2014.0
1652081498 2014.0
1652081499 2014.0
1652081500 2014.0
1652081501 2014.0
1652081502 2014.0
1652081503 2014.0
1652081504 2014.0
1652081505 2014.0
1652081506 2014.0
1652081507 2014.0
1652081508 2014.0
1652081509 2014.0
1652081510 2014.0
1652081511 2014.0
1652081512 2014.0
1652081513 2014.0
1652081514 2014.0
1652081515 2014.0
1652081516 2014.0
1652081517 2014.0
1652081518 2014.0
1652081519 2014.0
1652081520 2014.0
1652081521 2014.0
1652081522 2014.0
1652081523 2014.0
1652081524 2014.0
1652081525 2014.0
1652081526 2014.0
1652081527 2014.0
1652081528 2014.0
1652081529 2014.0
1652081530 2014.0
1652081531 2014.0
1652081532 2014.0
1652081533 2014.0
1652081534 2014.0
1652081535 2014.0
1652081536 2014.0
1652081537 2014.0
1652081538 2014.0
1652081539 2014.0
1652081540 2014.0
1652081541 2014.0
1652081542 2014.0
1652081543 2014.0
1652081544 2014.0
1652081545 2014.0
1652081546 2014.0
1652081547 2014.0
1652081548 2014.0
1652081549 2014.0
1652081550 2014.0
1652081551 2014.0
1652081552 2014.0
1652081553 2014.0
1652081554 2014.0
1652081555 2014.0
1652081556 2014.0
1652081557 2014.0
1652081558 2014.0
1652081559 2014.0
1652081560 None
