1651505914 23540.0
1651505915 23540.0
1651505916 23540.0
1651505917 23540.0
1651505918 23540.0
1651505919 23540.0
1651505920 23540.0
1651505921 23540.0
1651505922 23540.0
1651505923 23540.0
1651505924 23540.0
1651505925 23540.0
1651505926 23540.0
1651505927 23540.0
1651505928 23540.0
1651505929 23540.0
1651505930 23540.0
1651505931 23540.0
1651505932 23540.0
1651505933 23540.0
1651505934 23540.0
1651505935 23540.0
1651505936 23540.0
1651505937 23540.0
1651505938 23540.0
1651505939 23540.0
1651505940 23540.0
1651505941 23540.0
1651505942 23540.0
1651505943 23540.0
1651505944 23540.0
1651505945 23540.0
1651505946 23540.0
1651505947 23540.0
1651505948 23540.0
1651505949 23540.0
1651505950 23540.0
1651505951 23540.0
1651505952 23540.0
1651505953 23540.0
1651505954 23540.0
1651505955 23540.0
1651505956 23540.0
1651505957 23540.0
1651505958 23540.0
1651505959 23540.0
1651505960 23540.0
1651505961 23540.0
1651505962 23540.0
1651505963 23540.0
1651505964 23540.0
1651505965 23540.0
1651505966 23540.0
1651505967 23540.0
1651505968 23540.0
1651505969 23540.0
1651505970 23540.0
1651505971 23540.0
1651505972 23540.0
1651505973 23540.0
1651505974 23540.0
1651505975 23540.0
1651505976 23540.0
1651505977 23540.0
1651505978 23540.0
1651505979 23540.0
1651505980 23540.0
1651505981 23540.0
1651505982 23540.0
1651505983 23540.0
1651505984 23540.0
1651505985 23540.0
1651505986 23540.0
1651505987 23540.0
1651505988 23540.0
1651505989 23540.0
1651505990 23540.0
1651505991 23540.0
1651505992 23540.0
1651505993 23540.0
1651505994 23540.0
1651505995 23540.0
1651505996 23540.0
1651505997 23540.0
1651505998 23540.0
1651505999 23540.0
1651506000 23540.0
1651506001 23540.0
1651506002 23540.0
1651506003 23540.0
1651506004 23540.0
1651506005 23540.0
1651506006 23540.0
1651506007 23540.0
1651506008 23540.0
1651506009 23540.0
1651506010 23540.0
1651506011 23540.0
1651506012 23540.0
1651506013 23540.0
1651506014 23540.0
1651506015 23540.0
1651506016 23540.0
1651506017 23540.0
1651506018 23540.0
1651506019 23540.0
1651506020 23540.0
1651506021 23540.0
1651506022 23540.0
1651506023 23540.0
1651506024 23540.0
1651506025 23540.0
1651506026 23540.0
1651506027 23540.0
1651506028 23540.0
1651506029 23540.0
1651506030 23540.0
1651506031 23540.0
1651506032 23540.0
1651506033 None
