1652270669 6.0
1652270670 7.0
1652270671 7.0
1652270672 8.0
1652270673 8.0
1652270674 9.0
1652270675 9.0
1652270676 10.0
1652270677 11.0
1652270678 11.0
1652270679 11.0
1652270680 11.0
1652270681 12.0
1652270682 12.0
1652270683 13.0
1652270684 13.0
1652270685 13.0
1652270686 14.0
1652270687 15.0
1652270688 15.0
1652270689 16.0
1652270690 17.0
1652270691 17.0
1652270692 18.0
1652270693 19.0
1652270694 19.0
1652270695 20.0
1652270696 21.0
1652270697 22.0
1652270698 22.0
1652270699 22.0
1652270700 24.0
1652270701 24.0
1652270702 25.0
1652270703 25.0
1652270704 25.0
1652270705 26.0
1652270706 26.0
1652270707 26.0
1652270708 28.0
1652270709 28.0
1652270710 29.0
1652270711 29.0
1652270712 30.0
1652270713 31.0
1652270714 32.0
1652270715 32.0
1652270716 32.0
1652270717 33.0
1652270718 34.0
1652270719 35.0
1652270720 35.0
1652270721 35.0
1652270722 35.0
1652270723 36.0
1652270724 37.0
1652270725 38.0
1652270726 38.0
1652270727 38.0
1652270728 38.0
1652270729 38.0
1652270730 39.0
1652270731 40.0
1652270732 40.0
1652270733 41.0
1652270734 41.0
1652270735 43.0
1652270736 43.0
1652270737 43.0
1652270738 43.0
1652270739 44.0
1652270740 45.0
1652270741 45.0
1652270742 46.0
1652270743 47.0
1652270744 47.0
1652270745 48.0
1652270746 48.0
1652270747 48.0
1652270748 49.0
1652270749 49.0
1652270750 49.0
1652270751 50.0
1652270752 50.0
1652270753 50.0
1652270754 51.0
1652270755 51.0
1652270756 52.0
1652270757 53.0
1652270758 53.0
1652270759 53.0
1652270760 53.0
1652270761 54.0
1652270762 55.0
1652270763 56.0
1652270764 56.0
1652270765 57.0
1652270766 58.0
1652270767 59.0
1652270768 59.0
1652270769 60.0
1652270770 61.0
1652270771 62.0
1652270772 62.0
1652270773 63.0
1652270774 63.0
1652270775 64.0
1652270776 64.0
1652270777 65.0
1652270778 65.0
1652270779 65.0
1652270780 65.0
1652270781 65.0
1652270782 66.0
1652270783 66.0
1652270784 66.0
1652270785 67.0
1652270786 68.0
1652270787 68.0
1652270788 None
