1650380185 39.0
1650380186 39.0
1650380187 39.0
1650380188 39.0
1650380189 39.0
1650380190 39.0
1650380191 39.0
1650380192 39.0
1650380193 39.0
1650380194 39.0
1650380195 39.0
1650380196 39.0
1650380197 39.0
1650380198 39.0
1650380199 39.0
1650380200 39.0
1650380201 39.0
1650380202 39.0
1650380203 39.0
1650380204 39.0
1650380205 39.0
1650380206 39.0
1650380207 39.0
1650380208 39.0
1650380209 39.0
1650380210 39.0
1650380211 39.0
1650380212 39.0
1650380213 39.0
1650380214 39.0
1650380215 39.0
1650380216 39.0
1650380217 39.0
1650380218 39.0
1650380219 39.0
1650380220 39.0
1650380221 39.0
1650380222 39.0
1650380223 39.0
1650380224 39.0
1650380225 39.0
1650380226 39.0
1650380227 39.0
1650380228 39.0
1650380229 39.0
1650380230 39.0
1650380231 39.0
1650380232 39.0
1650380233 39.0
1650380234 39.0
1650380235 39.0
1650380236 39.0
1650380237 39.0
1650380238 39.0
1650380239 39.0
1650380240 39.0
1650380241 39.0
1650380242 None
1650380243 None
1650380244 None
