1652193335 1319.0
1652193336 1319.0
1652193337 1319.0
1652193338 1319.0
1652193339 1319.0
1652193340 1319.0
1652193341 1319.0
1652193342 1319.0
1652193343 1319.0
1652193344 1319.0
1652193345 1319.0
1652193346 1319.0
1652193347 1319.0
1652193348 1319.0
1652193349 1319.0
1652193350 1319.0
1652193351 1319.0
1652193352 1319.0
1652193353 1319.0
1652193354 1319.0
1652193355 1319.0
1652193356 1319.0
1652193357 1319.0
1652193358 1319.0
1652193359 1319.0
1652193360 1319.0
1652193361 1319.0
1652193362 1319.0
1652193363 1319.0
1652193364 1319.0
1652193365 1319.0
1652193366 1319.0
1652193367 1319.0
1652193368 1319.0
1652193369 1319.0
1652193370 1319.0
1652193371 1319.0
1652193372 1319.0
1652193373 1319.0
1652193374 1319.0
1652193375 1319.0
1652193376 1319.0
1652193377 1319.0
1652193378 1319.0
1652193379 1319.0
1652193380 1319.0
1652193381 1319.0
1652193382 1319.0
1652193383 1319.0
1652193384 1319.0
1652193385 1319.0
1652193386 1319.0
1652193387 1319.0
1652193388 1319.0
1652193389 1319.0
1652193390 1319.0
1652193391 1319.0
1652193392 None
1652193393 None
1652193394 None
