1650553120 27.0
1650553121 27.0
1650553122 29.0
1650553123 29.0
1650553124 30.0
1650553125 31.0
1650553126 33.0
1650553127 33.0
1650553128 34.0
1650553129 35.0
1650553130 37.0
1650553131 37.0
1650553132 38.0
1650553133 40.0
1650553134 43.0
1650553135 43.0
1650553136 46.0
1650553137 48.0
1650553138 48.0
1650553139 48.0
1650553140 48.0
1650553141 50.0
1650553142 50.0
1650553143 50.0
1650553144 50.0
1650553145 52.0
1650553146 52.0
1650553147 54.0
1650553148 55.0
1650553149 58.0
1650553150 58.0
1650553151 59.0
1650553152 59.0
1650553153 59.0
1650553154 62.0
1650553155 64.0
1650553156 65.0
1650553157 65.0
1650553158 66.0
1650553159 69.0
1650553160 69.0
1650553161 69.0
1650553162 72.0
1650553163 72.0
1650553164 73.0
1650553165 73.0
1650553166 74.0
1650553167 76.0
1650553168 78.0
1650553169 78.0
1650553170 80.0
1650553171 83.0
1650553172 83.0
1650553173 84.0
1650553174 86.0
1650553175 88.0
1650553176 88.0
1650553177 None
1650553178 None
1650553179 None
