1651074534 1496.0
1651074535 1496.0
1651074536 1496.0
1651074537 1496.0
1651074538 1496.0
1651074539 1496.0
1651074540 1496.0
1651074541 1496.0
1651074542 1496.0
1651074543 1496.0
1651074544 1496.0
1651074545 1496.0
1651074546 1496.0
1651074547 1496.0
1651074548 1496.0
1651074549 1496.0
1651074550 1496.0
1651074551 1496.0
1651074552 1496.0
1651074553 1496.0
1651074554 1496.0
1651074555 1496.0
1651074556 1496.0
1651074557 1496.0
1651074558 1496.0
1651074559 1496.0
1651074560 1496.0
1651074561 1496.0
1651074562 1496.0
1651074563 1496.0
1651074564 1496.0
1651074565 1496.0
1651074566 1496.0
1651074567 1496.0
1651074568 1496.0
1651074569 1496.0
1651074570 1496.0
1651074571 1496.0
1651074572 1496.0
1651074573 1496.0
1651074574 1496.0
1651074575 1496.0
1651074576 1496.0
1651074577 1496.0
1651074578 1496.0
1651074579 1496.0
1651074580 1496.0
1651074581 1496.0
1651074582 1496.0
1651074583 1496.0
1651074584 1496.0
1651074585 1496.0
1651074586 1496.0
1651074587 1496.0
1651074588 1496.0
1651074589 1496.0
1651074590 1496.0
1651074591 None
1651074592 None
1651074593 None
