1650534670 2685.0
1650534671 2685.0
1650534672 2685.0
1650534673 2685.0
1650534674 2685.0
1650534675 2685.0
1650534676 2685.0
1650534677 2685.0
1650534678 2685.0
1650534679 2685.0
1650534680 2685.0
1650534681 2685.0
1650534682 2685.0
1650534683 2685.0
1650534684 2685.0
1650534685 2685.0
1650534686 2685.0
1650534687 2685.0
1650534688 2685.0
1650534689 2685.0
1650534690 2685.0
1650534691 2685.0
1650534692 2685.0
1650534693 2685.0
1650534694 2685.0
1650534695 2685.0
1650534696 2685.0
1650534697 2685.0
1650534698 2685.0
1650534699 2685.0
1650534700 2685.0
1650534701 2685.0
1650534702 2685.0
1650534703 2685.0
1650534704 2685.0
1650534705 2685.0
1650534706 2685.0
1650534707 2685.0
1650534708 2685.0
1650534709 2685.0
1650534710 2685.0
1650534711 2685.0
1650534712 2685.0
1650534713 2685.0
1650534714 2685.0
1650534715 2685.0
1650534716 2685.0
1650534717 2685.0
1650534718 2685.0
1650534719 2685.0
1650534720 2685.0
1650534721 2685.0
1650534722 2685.0
1650534723 2685.0
1650534724 2685.0
1650534725 2685.0
1650534726 2685.0
1650534727 2685.0
1650534728 2685.0
1650534729 None
