1652690871 11.0
1652690872 11.0
1652690873 11.0
1652690874 11.0
1652690875 11.0
1652690876 12.0
1652690877 13.0
1652690878 13.0
1652690879 15.0
1652690880 15.0
1652690881 17.0
1652690882 17.0
1652690883 18.0
1652690884 18.0
1652690885 18.0
1652690886 18.0
1652690887 20.0
1652690888 22.0
1652690889 22.0
1652690890 22.0
1652690891 22.0
1652690892 23.0
1652690893 23.0
1652690894 23.0
1652690895 25.0
1652690896 26.0
1652690897 26.0
1652690898 27.0
1652690899 28.0
1652690900 29.0
1652690901 29.0
1652690902 29.0
1652690903 30.0
1652690904 31.0
1652690905 31.0
1652690906 32.0
1652690907 32.0
1652690908 33.0
1652690909 33.0
1652690910 34.0
1652690911 35.0
1652690912 35.0
1652690913 37.0
1652690914 38.0
1652690915 38.0
1652690916 38.0
1652690917 39.0
1652690918 40.0
1652690919 41.0
1652690920 41.0
1652690921 41.0
1652690922 41.0
1652690923 42.0
1652690924 42.0
1652690925 43.0
1652690926 45.0
1652690927 45.0
1652690928 45.0
1652690929 None
1652690930 None
