1652116710 7.0
1652116711 9.0
1652116712 10.0
1652116713 10.0
1652116714 11.0
1652116715 11.0
1652116716 12.0
1652116717 12.0
1652116718 13.0
1652116719 14.0
1652116720 14.0
1652116721 15.0
1652116722 17.0
1652116723 18.0
1652116724 18.0
1652116725 19.0
1652116726 19.0
1652116727 20.0
1652116728 20.0
1652116729 21.0
1652116730 22.0
1652116731 23.0
1652116732 23.0
1652116733 25.0
1652116734 27.0
1652116735 27.0
1652116736 27.0
1652116737 28.0
1652116738 29.0
1652116739 30.0
1652116740 30.0
1652116741 30.0
1652116742 31.0
1652116743 31.0
1652116744 33.0
1652116745 34.0
1652116746 35.0
1652116747 35.0
1652116748 36.0
1652116749 37.0
1652116750 39.0
1652116751 39.0
1652116752 39.0
1652116753 40.0
1652116754 40.0
1652116755 40.0
1652116756 41.0
1652116757 42.0
1652116758 42.0
1652116759 42.0
1652116760 43.0
1652116761 44.0
1652116762 44.0
1652116763 44.0
1652116764 46.0
1652116765 47.0
1652116766 47.0
1652116767 47.0
1652116768 None
1652116769 None
