1651508723 44.0
1651508724 45.0
1651508725 49.0
1651508726 49.0
1651508727 52.0
1651508728 56.0
1651508729 60.0
1651508730 60.0
1651508731 61.0
1651508732 64.0
1651508733 64.0
1651508734 68.0
1651508735 70.0
1651508736 74.0
1651508737 74.0
1651508738 75.0
1651508739 76.0
1651508740 79.0
1651508741 79.0
1651508742 82.0
1651508743 85.0
1651508744 88.0
1651508745 88.0
1651508746 91.0
1651508747 94.0
1651508748 99.0
1651508749 99.0
1651508750 103.0
1651508751 107.0
1651508752 110.0
1651508753 110.0
1651508754 114.0
1651508755 116.0
1651508756 120.0
1651508757 120.0
1651508758 123.0
1651508759 127.0
1651508760 130.0
1651508761 130.0
1651508762 133.0
1651508763 136.0
1651508764 140.0
1651508765 140.0
1651508766 142.0
1651508767 145.0
1651508768 150.0
1651508769 150.0
1651508770 151.0
1651508771 154.0
1651508772 158.0
1651508773 158.0
1651508774 159.0
1651508775 162.0
1651508776 166.0
1651508777 166.0
1651508778 169.0
1651508779 171.0
1651508780 None
1651508781 None
1651508782 None
