1651508724 5798.0
1651508725 5798.0
1651508726 5798.0
1651508727 5798.0
1651508728 5798.0
1651508729 5798.0
1651508730 5798.0
1651508731 5798.0
1651508732 5798.0
1651508733 5798.0
1651508734 5798.0
1651508735 5798.0
1651508736 5798.0
1651508737 5798.0
1651508738 5798.0
1651508739 5798.0
1651508740 5798.0
1651508741 5798.0
1651508742 5798.0
1651508743 5798.0
1651508744 5798.0
1651508745 5798.0
1651508746 5798.0
1651508747 5798.0
1651508748 5798.0
1651508749 5798.0
1651508750 5798.0
1651508751 5798.0
1651508752 5798.0
1651508753 5798.0
1651508754 5798.0
1651508755 5798.0
1651508756 5798.0
1651508757 5798.0
1651508758 5798.0
1651508759 5798.0
1651508760 5798.0
1651508761 5798.0
1651508762 5798.0
1651508763 5798.0
1651508764 5798.0
1651508765 5798.0
1651508766 5798.0
1651508767 5798.0
1651508768 5798.0
1651508769 5798.0
1651508770 5798.0
1651508771 5798.0
1651508772 5798.0
1651508773 5798.0
1651508774 5798.0
1651508775 5798.0
1651508776 5798.0
1651508777 5798.0
1651508778 5798.0
1651508779 5798.0
1651508780 None
1651508781 None
1651508782 None
1651508783 None
