1650380184 1181.0
1650380185 1181.0
1650380186 1181.0
1650380187 1181.0
1650380188 1181.0
1650380189 1181.0
1650380190 1181.0
1650380191 1181.0
1650380192 1181.0
1650380193 1181.0
1650380194 1181.0
1650380195 1181.0
1650380196 1181.0
1650380197 1181.0
1650380198 1181.0
1650380199 1181.0
1650380200 1181.0
1650380201 1181.0
1650380202 1181.0
1650380203 1181.0
1650380204 1181.0
1650380205 1181.0
1650380206 1181.0
1650380207 1181.0
1650380208 1181.0
1650380209 1181.0
1650380210 1181.0
1650380211 1181.0
1650380212 1181.0
1650380213 1181.0
1650380214 1181.0
1650380215 1181.0
1650380216 1181.0
1650380217 1181.0
1650380218 1181.0
1650380219 1181.0
1650380220 1181.0
1650380221 1181.0
1650380222 1181.0
1650380223 1181.0
1650380224 1181.0
1650380225 1181.0
1650380226 1181.0
1650380227 1181.0
1650380228 1181.0
1650380229 1181.0
1650380230 1181.0
1650380231 1181.0
1650380232 1181.0
1650380233 1181.0
1650380234 1181.0
1650380235 1181.0
1650380236 1181.0
1650380237 1181.0
1650380238 1181.0
1650380239 1181.0
1650380240 1181.0
1650380241 1181.0
1650380242 None
1650380243 None
