1650380185 3025.0
1650380186 3025.0
1650380187 3025.0
1650380188 3025.0
1650380189 3025.0
1650380190 3025.0
1650380191 3025.0
1650380192 3025.0
1650380193 3025.0
1650380194 3025.0
1650380195 3025.0
1650380196 3025.0
1650380197 3025.0
1650380198 3025.0
1650380199 3025.0
1650380200 3025.0
1650380201 3025.0
1650380202 3025.0
1650380203 3025.0
1650380204 3025.0
1650380205 3025.0
1650380206 3025.0
1650380207 3025.0
1650380208 3025.0
1650380209 3025.0
1650380210 3025.0
1650380211 3025.0
1650380212 3025.0
1650380213 3025.0
1650380214 3025.0
1650380215 3025.0
1650380216 3025.0
1650380217 3025.0
1650380218 3025.0
1650380219 3025.0
1650380220 3025.0
1650380221 3025.0
1650380222 3025.0
1650380223 3025.0
1650380224 3025.0
1650380225 3025.0
1650380226 3025.0
1650380227 3025.0
1650380228 3025.0
1650380229 3025.0
1650380230 3025.0
1650380231 3025.0
1650380232 3025.0
1650380233 3025.0
1650380234 3025.0
1650380235 3025.0
1650380236 3025.0
1650380237 3025.0
1650380238 3025.0
1650380239 3025.0
1650380240 3025.0
1650380241 3025.0
1650380242 None
1650380243 None
1650380244 None
