1650380185 235.0
1650380186 235.0
1650380187 235.0
1650380188 235.0
1650380189 235.0
1650380190 235.0
1650380191 235.0
1650380192 235.0
1650380193 235.0
1650380194 235.0
1650380195 235.0
1650380196 235.0
1650380197 235.0
1650380198 235.0
1650380199 235.0
1650380200 235.0
1650380201 235.0
1650380202 235.0
1650380203 235.0
1650380204 235.0
1650380205 235.0
1650380206 235.0
1650380207 235.0
1650380208 235.0
1650380209 235.0
1650380210 235.0
1650380211 235.0
1650380212 235.0
1650380213 235.0
1650380214 235.0
1650380215 235.0
1650380216 235.0
1650380217 235.0
1650380218 235.0
1650380219 235.0
1650380220 235.0
1650380221 235.0
1650380222 235.0
1650380223 235.0
1650380224 235.0
1650380225 235.0
1650380226 235.0
1650380227 235.0
1650380228 235.0
1650380229 235.0
1650380230 235.0
1650380231 235.0
1650380232 235.0
1650380233 235.0
1650380234 235.0
1650380235 235.0
1650380236 235.0
1650380237 235.0
1650380238 235.0
1650380239 235.0
1650380240 235.0
1650380241 235.0
1650380242 None
1650380243 None
1650380244 None
