1650534670 902.0
1650534671 902.0
1650534672 902.0
1650534673 902.0
1650534674 902.0
1650534675 902.0
1650534676 902.0
1650534677 902.0
1650534678 902.0
1650534679 902.0
1650534680 902.0
1650534681 902.0
1650534682 902.0
1650534683 902.0
1650534684 902.0
1650534685 902.0
1650534686 902.0
1650534687 902.0
1650534688 902.0
1650534689 902.0
1650534690 902.0
1650534691 902.0
1650534692 902.0
1650534693 902.0
1650534694 902.0
1650534695 902.0
1650534696 902.0
1650534697 902.0
1650534698 902.0
1650534699 902.0
1650534700 902.0
1650534701 902.0
1650534702 902.0
1650534703 902.0
1650534704 902.0
1650534705 902.0
1650534706 902.0
1650534707 902.0
1650534708 902.0
1650534709 902.0
1650534710 902.0
1650534711 902.0
1650534712 902.0
1650534713 902.0
1650534714 902.0
1650534715 902.0
1650534716 902.0
1650534717 902.0
1650534718 902.0
1650534719 902.0
1650534720 902.0
1650534721 902.0
1650534722 902.0
1650534723 902.0
1650534724 902.0
1650534725 902.0
1650534726 902.0
1650534727 902.0
1650534728 902.0
1650534729 None
