1650380185 1108.0
1650380186 1108.0
1650380187 1108.0
1650380188 1108.0
1650380189 1108.0
1650380190 1108.0
1650380191 1108.0
1650380192 1108.0
1650380193 1108.0
1650380194 1108.0
1650380195 1108.0
1650380196 1108.0
1650380197 1108.0
1650380198 1108.0
1650380199 1108.0
1650380200 1108.0
1650380201 1108.0
1650380202 1108.0
1650380203 1108.0
1650380204 1108.0
1650380205 1108.0
1650380206 1108.0
1650380207 1108.0
1650380208 1108.0
1650380209 1108.0
1650380210 1108.0
1650380211 1108.0
1650380212 1108.0
1650380213 1108.0
1650380214 1108.0
1650380215 1108.0
1650380216 1108.0
1650380217 1108.0
1650380218 1108.0
1650380219 1108.0
1650380220 1108.0
1650380221 1108.0
1650380222 1108.0
1650380223 1108.0
1650380224 1108.0
1650380225 1108.0
1650380226 1108.0
1650380227 1108.0
1650380228 1108.0
1650380229 1108.0
1650380230 1108.0
1650380231 1108.0
1650380232 1108.0
1650380233 1108.0
1650380234 1108.0
1650380235 1108.0
1650380236 1108.0
1650380237 1108.0
1650380238 1108.0
1650380239 1108.0
1650380240 1108.0
1650380241 1108.0
1650380242 None
1650380243 None
1650380244 None
