1652116805 32.0
1652116806 35.0
1652116807 35.0
1652116808 40.0
1652116809 44.0
1652116810 45.0
1652116811 45.0
1652116812 51.0
1652116813 56.0
1652116814 56.0
1652116815 62.0
1652116816 70.0
1652116817 73.0
1652116818 73.0
1652116819 78.0
1652116820 82.0
1652116821 87.0
1652116822 87.0
1652116823 92.0
1652116824 99.0
1652116825 105.0
1652116826 105.0
1652116827 108.0
1652116828 115.0
1652116829 121.0
1652116830 121.0
1652116831 123.0
1652116832 129.0
1652116833 129.0
1652116834 135.0
1652116835 138.0
1652116836 143.0
1652116837 143.0
1652116838 147.0
1652116839 155.0
1652116840 160.0
1652116841 160.0
1652116842 164.0
1652116843 171.0
1652116844 176.0
1652116845 176.0
1652116846 182.0
1652116847 187.0
1652116848 191.0
1652116849 191.0
1652116850 196.0
1652116851 200.0
1652116852 200.0
1652116853 203.0
1652116854 207.0
1652116855 212.0
1652116856 212.0
1652116857 218.0
1652116858 224.0
1652116859 230.0
1652116860 230.0
1652116861 236.0
1652116862 239.0
1652116863 242.0
1652116864 242.0
1652116865 248.0
1652116866 253.0
1652116867 258.0
1652116868 258.0
1652116869 264.0
1652116870 269.0
1652116871 269.0
1652116872 273.0
1652116873 280.0
1652116874 286.0
1652116875 286.0
1652116876 290.0
1652116877 296.0
1652116878 301.0
1652116879 301.0
1652116880 308.0
1652116881 313.0
1652116882 316.0
1652116883 316.0
1652116884 319.0
1652116885 324.0
1652116886 324.0
1652116887 330.0
1652116888 335.0
1652116889 342.0
1652116890 342.0
1652116891 346.0
1652116892 352.0
1652116893 356.0
1652116894 356.0
1652116895 363.0
1652116896 366.0
1652116897 368.0
1652116898 368.0
1652116899 374.0
1652116900 378.0
1652116901 378.0
1652116902 383.0
1652116903 389.0
1652116904 394.0
1652116905 394.0
1652116906 397.0
1652116907 400.0
1652116908 404.0
1652116909 404.0
1652116910 409.0
1652116911 416.0
1652116912 420.0
1652116913 420.0
1652116914 427.0
1652116915 434.0
1652116916 439.0
1652116917 439.0
1652116918 443.0
1652116919 448.0
1652116920 451.0
1652116921 451.0
1652116922 452.0
1652116923 None
1652116924 None
