1652116805 1495.0
1652116806 1495.0
1652116807 1495.0
1652116808 1495.0
1652116809 1495.0
1652116810 1495.0
1652116811 1495.0
1652116812 1495.0
1652116813 1495.0
1652116814 1495.0
1652116815 1495.0
1652116816 1495.0
1652116817 1495.0
1652116818 1495.0
1652116819 1495.0
1652116820 1495.0
1652116821 1495.0
1652116822 1495.0
1652116823 1495.0
1652116824 1495.0
1652116825 1495.0
1652116826 1495.0
1652116827 1495.0
1652116828 1495.0
1652116829 1495.0
1652116830 1495.0
1652116831 1495.0
1652116832 1495.0
1652116833 1495.0
1652116834 1495.0
1652116835 1495.0
1652116836 1495.0
1652116837 1495.0
1652116838 1495.0
1652116839 1495.0
1652116840 1495.0
1652116841 1495.0
1652116842 1495.0
1652116843 1495.0
1652116844 1495.0
1652116845 1495.0
1652116846 1495.0
1652116847 1495.0
1652116848 1495.0
1652116849 1495.0
1652116850 1495.0
1652116851 1495.0
1652116852 1495.0
1652116853 1495.0
1652116854 1495.0
1652116855 1495.0
1652116856 1495.0
1652116857 1495.0
1652116858 1495.0
1652116859 1495.0
1652116860 1495.0
1652116861 1495.0
1652116862 1495.0
1652116863 1495.0
1652116864 1495.0
1652116865 1495.0
1652116866 1495.0
1652116867 1495.0
1652116868 1495.0
1652116869 1495.0
1652116870 1495.0
1652116871 1495.0
1652116872 1495.0
1652116873 1495.0
1652116874 1495.0
1652116875 1495.0
1652116876 1495.0
1652116877 1495.0
1652116878 1495.0
1652116879 1495.0
1652116880 1495.0
1652116881 1495.0
1652116882 1495.0
1652116883 1495.0
1652116884 1495.0
1652116885 1495.0
1652116886 1495.0
1652116887 1495.0
1652116888 1495.0
1652116889 1495.0
1652116890 1495.0
1652116891 1495.0
1652116892 1495.0
1652116893 1495.0
1652116894 1495.0
1652116895 1495.0
1652116896 1495.0
1652116897 1495.0
1652116898 1495.0
1652116899 1495.0
1652116900 1495.0
1652116901 1495.0
1652116902 1495.0
1652116903 1495.0
1652116904 1495.0
1652116905 1495.0
1652116906 1495.0
1652116907 1495.0
1652116908 1495.0
1652116909 1495.0
1652116910 1495.0
1652116911 1495.0
1652116912 1495.0
1652116913 1495.0
1652116914 1495.0
1652116915 1495.0
1652116916 1495.0
1652116917 1495.0
1652116918 1495.0
1652116919 1495.0
1652116920 1495.0
1652116921 1495.0
1652116922 1495.0
1652116923 None
1652116924 None
