1651074629 1339.0
1651074630 1339.0
1651074631 1339.0
1651074632 1339.0
1651074633 1339.0
1651074634 1339.0
1651074635 1339.0
1651074636 1339.0
1651074637 1339.0
1651074638 1339.0
1651074639 1339.0
1651074640 1339.0
1651074641 1339.0
1651074642 1339.0
1651074643 1339.0
1651074644 1339.0
1651074645 1339.0
1651074646 1339.0
1651074647 1339.0
1651074648 1339.0
1651074649 1339.0
1651074650 1339.0
1651074651 1339.0
1651074652 1339.0
1651074653 1339.0
1651074654 1339.0
1651074655 1339.0
1651074656 1339.0
1651074657 1339.0
1651074658 1339.0
1651074659 1339.0
1651074660 1339.0
1651074661 1339.0
1651074662 1339.0
1651074663 1339.0
1651074664 1339.0
1651074665 1339.0
1651074666 1339.0
1651074667 1339.0
1651074668 1339.0
1651074669 1339.0
1651074670 1339.0
1651074671 1339.0
1651074672 1339.0
1651074673 1339.0
1651074674 1339.0
1651074675 1339.0
1651074676 1339.0
1651074677 1339.0
1651074678 1339.0
1651074679 1339.0
1651074680 1339.0
1651074681 1339.0
1651074682 1339.0
1651074683 1339.0
1651074684 1339.0
1651074685 1339.0
1651074686 1339.0
1651074687 1339.0
1651074688 1339.0
1651074689 1339.0
1651074690 1339.0
1651074691 1339.0
1651074692 1339.0
1651074693 1339.0
1651074694 1339.0
1651074695 1339.0
1651074696 1339.0
1651074697 1339.0
1651074698 1339.0
1651074699 1339.0
1651074700 1339.0
1651074701 1339.0
1651074702 1339.0
1651074703 1339.0
1651074704 1339.0
1651074705 1339.0
1651074706 1339.0
1651074707 1339.0
1651074708 1339.0
1651074709 1339.0
1651074710 1339.0
1651074711 1339.0
1651074712 1339.0
1651074713 1339.0
1651074714 1339.0
1651074715 1339.0
1651074716 1339.0
1651074717 1339.0
1651074718 1339.0
1651074719 1339.0
1651074720 1339.0
1651074721 1339.0
1651074722 1339.0
1651074723 1339.0
1651074724 1339.0
1651074725 1339.0
1651074726 1339.0
1651074727 1339.0
1651074728 1339.0
1651074729 1339.0
1651074730 1339.0
1651074731 1339.0
1651074732 1339.0
1651074733 1339.0
1651074734 1339.0
1651074735 1339.0
1651074736 1339.0
1651074737 1339.0
1651074738 1339.0
1651074739 1339.0
1651074740 1339.0
1651074741 1339.0
1651074742 1339.0
1651074743 1339.0
1651074744 1339.0
1651074745 1339.0
1651074746 1339.0
1651074747 None
1651074748 None
