1652216177 19.0
1652216178 22.0
1652216179 26.0
1652216180 26.0
1652216181 26.0
1652216182 30.0
1652216183 30.0
1652216184 32.0
1652216185 34.0
1652216186 35.0
1652216187 35.0
1652216188 37.0
1652216189 43.0
1652216190 43.0
1652216191 45.0
1652216192 48.0
1652216193 49.0
1652216194 49.0
1652216195 50.0
1652216196 53.0
1652216197 57.0
1652216198 57.0
1652216199 60.0
1652216200 64.0
1652216201 65.0
1652216202 65.0
1652216203 70.0
1652216204 74.0
1652216205 74.0
1652216206 78.0
1652216207 79.0
1652216208 79.0
1652216209 82.0
1652216210 84.0
1652216211 84.0
1652216212 87.0
1652216213 89.0
1652216214 90.0
1652216215 90.0
1652216216 93.0
1652216217 96.0
1652216218 98.0
1652216219 98.0
1652216220 102.0
1652216221 104.0
1652216222 106.0
1652216223 106.0
1652216224 109.0
1652216225 110.0
1652216226 114.0
1652216227 114.0
1652216228 116.0
1652216229 118.0
1652216230 120.0
1652216231 120.0
1652216232 121.0
1652216233 125.0
1652216234 128.0
1652216235 128.0
1652216236 131.0
1652216237 131.0
1652216238 132.0
1652216239 132.0
1652216240 136.0
1652216241 140.0
1652216242 143.0
1652216243 143.0
1652216244 146.0
1652216245 147.0
1652216246 151.0
1652216247 151.0
1652216248 152.0
1652216249 157.0
1652216250 157.0
1652216251 159.0
1652216252 165.0
1652216253 168.0
1652216254 168.0
1652216255 172.0
1652216256 174.0
1652216257 175.0
1652216258 175.0
1652216259 180.0
1652216260 184.0
1652216261 187.0
1652216262 187.0
1652216263 189.0
1652216264 191.0
1652216265 191.0
1652216266 192.0
1652216267 193.0
1652216268 195.0
1652216269 195.0
1652216270 198.0
1652216271 199.0
1652216272 199.0
1652216273 200.0
1652216274 202.0
1652216275 203.0
1652216276 203.0
1652216277 205.0
1652216278 207.0
1652216279 211.0
1652216280 211.0
1652216281 213.0
1652216282 213.0
1652216283 215.0
1652216284 215.0
1652216285 218.0
1652216286 221.0
1652216287 223.0
1652216288 223.0
1652216289 228.0
1652216290 231.0
1652216291 231.0
1652216292 234.0
1652216293 236.0
1652216294 None
1652216295 None
1652216296 None
