1650380282 234.0
1650380283 234.0
1650380284 234.0
1650380285 234.0
1650380286 234.0
1650380287 234.0
1650380288 234.0
1650380289 234.0
1650380290 234.0
1650380291 234.0
1650380292 234.0
1650380293 234.0
1650380294 234.0
1650380295 234.0
1650380296 234.0
1650380297 234.0
1650380298 234.0
1650380299 234.0
1650380300 234.0
1650380301 234.0
1650380302 234.0
1650380303 234.0
1650380304 234.0
1650380305 234.0
1650380306 234.0
1650380307 234.0
1650380308 234.0
1650380309 234.0
1650380310 234.0
1650380311 234.0
1650380312 234.0
1650380313 234.0
1650380314 234.0
1650380315 234.0
1650380316 234.0
1650380317 234.0
1650380318 234.0
1650380319 234.0
1650380320 234.0
1650380321 234.0
1650380322 234.0
1650380323 234.0
1650380324 234.0
1650380325 234.0
1650380326 234.0
1650380327 234.0
1650380328 234.0
1650380329 234.0
1650380330 234.0
1650380331 234.0
1650380332 234.0
1650380333 234.0
1650380334 234.0
1650380335 234.0
1650380336 234.0
1650380337 234.0
1650380338 234.0
1650380339 234.0
1650380340 234.0
1650380341 234.0
1650380342 234.0
1650380343 234.0
1650380344 234.0
1650380345 234.0
1650380346 234.0
1650380347 234.0
1650380348 234.0
1650380349 234.0
1650380350 234.0
1650380351 234.0
1650380352 234.0
1650380353 234.0
1650380354 234.0
1650380355 234.0
1650380356 234.0
1650380357 234.0
1650380358 234.0
1650380359 234.0
1650380360 234.0
1650380361 234.0
1650380362 234.0
1650380363 234.0
1650380364 234.0
1650380365 234.0
1650380366 234.0
1650380367 234.0
1650380368 234.0
1650380369 234.0
1650380370 234.0
1650380371 234.0
1650380372 234.0
1650380373 234.0
1650380374 234.0
1650380375 234.0
1650380376 234.0
1650380377 234.0
1650380378 234.0
1650380379 234.0
1650380380 234.0
1650380381 234.0
1650380382 234.0
1650380383 234.0
1650380384 234.0
1650380385 234.0
1650380386 234.0
1650380387 234.0
1650380388 234.0
1650380389 234.0
1650380390 234.0
1650380391 234.0
1650380392 234.0
1650380393 234.0
1650380394 234.0
1650380395 234.0
1650380396 234.0
1650380397 234.0
1650380398 234.0
1650380399 None
1650380400 None
1650380401 None
