1651074630 41.0
1651074631 48.0
1651074632 52.0
1651074633 52.0
1651074634 56.0
1651074635 60.0
1651074636 62.0
1651074637 62.0
1651074638 66.0
1651074639 69.0
1651074640 69.0
1651074641 72.0
1651074642 76.0
1651074643 80.0
1651074644 80.0
1651074645 83.0
1651074646 85.0
1651074647 87.0
1651074648 87.0
1651074649 90.0
1651074650 94.0
1651074651 100.0
1651074652 100.0
1651074653 105.0
1651074654 111.0
1651074655 114.0
1651074656 114.0
1651074657 118.0
1651074658 119.0
1651074659 123.0
1651074660 123.0
1651074661 131.0
1651074662 136.0
1651074663 136.0
1651074664 139.0
1651074665 143.0
1651074666 149.0
1651074667 152.0
1651074668 152.0
1651074669 154.0
1651074670 157.0
1651074671 157.0
1651074672 161.0
1651074673 165.0
1651074674 168.0
1651074675 168.0
1651074676 174.0
1651074677 177.0
1651074678 180.0
1651074679 180.0
1651074680 183.0
1651074681 186.0
1651074682 190.0
1651074683 190.0
1651074684 192.0
1651074685 196.0
1651074686 201.0
1651074687 201.0
1651074688 204.0
1651074689 208.0
1651074690 212.0
1651074691 212.0
1651074692 215.0
1651074693 218.0
1651074694 220.0
1651074695 220.0
1651074696 224.0
1651074697 227.0
1651074698 231.0
1651074699 231.0
1651074700 237.0
1651074701 241.0
1651074702 241.0
1651074703 244.0
1651074704 248.0
1651074705 250.0
1651074706 250.0
1651074707 253.0
1651074708 254.0
1651074709 259.0
1651074710 259.0
1651074711 265.0
1651074712 272.0
1651074713 276.0
1651074714 276.0
1651074715 279.0
1651074716 283.0
1651074717 286.0
1651074718 286.0
1651074719 291.0
1651074720 297.0
1651074721 299.0
1651074722 299.0
1651074723 300.0
1651074724 303.0
1651074725 306.0
1651074726 306.0
1651074727 313.0
1651074728 314.0
1651074729 317.0
1651074730 317.0
1651074731 322.0
1651074732 327.0
1651074733 327.0
1651074734 330.0
1651074735 334.0
1651074736 340.0
1651074737 340.0
1651074738 343.0
1651074739 352.0
1651074740 356.0
1651074741 356.0
1651074742 360.0
1651074743 364.0
1651074744 367.0
1651074745 367.0
1651074746 367.0
1651074747 None
1651074748 None
1651074749 None
