1651508819 903.0
1651508820 None
1651508821 None
1651508822 None
1651508823 903.0
1651508824 903.0
1651508825 903.0
1651508826 903.0
1651508827 903.0
1651508828 903.0
1651508829 903.0
1651508830 903.0
1651508831 903.0
1651508832 903.0
1651508833 903.0
1651508834 903.0
1651508835 903.0
1651508836 903.0
1651508837 903.0
1651508838 903.0
1651508839 903.0
1651508840 903.0
1651508841 903.0
1651508842 903.0
1651508843 903.0
1651508844 903.0
1651508845 903.0
1651508846 903.0
1651508847 903.0
1651508848 903.0
1651508849 903.0
1651508850 903.0
1651508851 903.0
1651508852 903.0
1651508853 903.0
1651508854 903.0
1651508855 903.0
1651508856 903.0
1651508857 903.0
1651508858 903.0
1651508859 903.0
1651508860 903.0
1651508861 903.0
1651508862 903.0
1651508863 903.0
1651508864 903.0
1651508865 903.0
1651508866 903.0
1651508867 903.0
1651508868 903.0
1651508869 903.0
1651508870 903.0
1651508871 903.0
1651508872 903.0
1651508873 903.0
1651508874 903.0
1651508875 903.0
1651508876 903.0
1651508877 903.0
1651508878 903.0
1651508879 903.0
1651508880 903.0
1651508881 903.0
1651508882 903.0
1651508883 903.0
1651508884 903.0
1651508885 903.0
1651508886 903.0
1651508887 903.0
1651508888 903.0
1651508889 903.0
1651508890 903.0
1651508891 903.0
1651508892 903.0
1651508893 903.0
1651508894 903.0
1651508895 903.0
1651508896 903.0
1651508897 903.0
1651508898 903.0
1651508899 903.0
1651508900 903.0
1651508901 903.0
1651508902 903.0
1651508903 903.0
1651508904 903.0
1651508905 903.0
1651508906 903.0
1651508907 903.0
1651508908 903.0
1651508909 903.0
1651508910 903.0
1651508911 903.0
1651508912 903.0
1651508913 903.0
1651508914 903.0
1651508915 903.0
1651508916 903.0
1651508917 903.0
1651508918 903.0
1651508919 903.0
1651508920 903.0
1651508921 903.0
1651508922 903.0
1651508923 903.0
1651508924 903.0
1651508925 903.0
1651508926 903.0
1651508927 903.0
1651508928 903.0
1651508929 903.0
1651508930 903.0
1651508931 903.0
1651508932 903.0
1651508933 903.0
1651508934 903.0
1651508935 903.0
1651508936 903.0
1651508937 None
1651508938 None
