1653906990 2685.0
1653906991 2685.0
1653906992 2685.0
1653906993 2685.0
1653906994 2685.0
1653906995 2685.0
1653906996 2685.0
1653906997 2685.0
1653906998 2685.0
1653906999 2685.0
1653907000 2685.0
1653907001 2685.0
1653907002 2685.0
1653907003 2685.0
1653907004 2685.0
1653907005 2685.0
1653907006 2685.0
1653907007 2685.0
1653907008 2685.0
1653907009 2685.0
1653907010 2685.0
1653907011 2685.0
1653907012 2685.0
1653907013 2685.0
1653907014 2685.0
1653907015 2685.0
1653907016 2685.0
1653907017 2685.0
1653907018 2685.0
1653907019 2685.0
1653907020 2685.0
1653907021 2685.0
1653907022 2685.0
1653907023 2685.0
1653907024 2685.0
1653907025 2685.0
1653907026 2685.0
1653907027 2685.0
1653907028 2685.0
1653907029 2685.0
1653907030 2685.0
1653907031 2685.0
1653907032 2685.0
1653907033 2685.0
1653907034 2685.0
1653907035 2685.0
1653907036 2685.0
1653907037 2685.0
1653907038 2685.0
1653907039 2685.0
1653907040 2685.0
1653907041 2685.0
1653907042 2685.0
1653907043 2685.0
1653907044 2685.0
1653907045 2685.0
1653907046 2685.0
1653907047 2685.0
1653907048 2685.0
1653907049 2685.0
1653907050 2685.0
1653907051 2685.0
1653907052 2685.0
1653907053 2685.0
1653907054 2685.0
1653907055 2685.0
1653907056 2685.0
1653907057 2685.0
1653907058 2685.0
1653907059 2685.0
1653907060 2685.0
1653907061 2685.0
1653907062 2685.0
1653907063 2685.0
1653907064 2685.0
1653907065 2685.0
1653907066 2685.0
1653907067 2685.0
1653907068 2685.0
1653907069 2685.0
1653907070 2685.0
1653907071 2685.0
1653907072 2685.0
1653907073 2685.0
1653907074 2685.0
1653907075 2685.0
1653907076 2685.0
1653907077 2685.0
1653907078 2685.0
1653907079 2685.0
1653907080 2685.0
1653907081 2685.0
1653907082 2685.0
1653907083 2685.0
1653907084 2685.0
1653907085 2685.0
1653907086 2685.0
1653907087 2685.0
1653907088 2685.0
1653907089 2685.0
1653907090 2685.0
1653907091 2685.0
1653907092 2685.0
1653907093 2685.0
1653907094 2685.0
1653907095 2685.0
1653907096 2685.0
1653907097 2685.0
1653907098 2685.0
1653907099 2685.0
1653907100 2685.0
1653907101 2685.0
1653907102 2685.0
1653907103 2685.0
1653907104 2685.0
1653907105 2685.0
1653907106 2685.0
1653907107 2685.0
1653907108 2685.0
1653907109 None
