1653906990 1164.0
1653906991 1164.0
1653906992 1164.0
1653906993 1164.0
1653906994 1164.0
1653906995 1164.0
1653906996 1164.0
1653906997 1164.0
1653906998 1164.0
1653906999 1164.0
1653907000 1164.0
1653907001 1164.0
1653907002 1164.0
1653907003 1164.0
1653907004 1164.0
1653907005 1164.0
1653907006 1164.0
1653907007 1164.0
1653907008 1164.0
1653907009 1164.0
1653907010 1164.0
1653907011 1164.0
1653907012 1164.0
1653907013 1164.0
1653907014 1164.0
1653907015 1164.0
1653907016 1164.0
1653907017 1164.0
1653907018 1164.0
1653907019 1164.0
1653907020 1164.0
1653907021 1164.0
1653907022 1164.0
1653907023 1164.0
1653907024 1164.0
1653907025 1164.0
1653907026 1164.0
1653907027 1164.0
1653907028 1164.0
1653907029 1164.0
1653907030 1164.0
1653907031 1164.0
1653907032 1164.0
1653907033 1164.0
1653907034 1164.0
1653907035 1164.0
1653907036 1164.0
1653907037 1164.0
1653907038 1164.0
1653907039 1164.0
1653907040 1164.0
1653907041 1164.0
1653907042 1164.0
1653907043 1164.0
1653907044 1164.0
1653907045 1164.0
1653907046 1164.0
1653907047 1164.0
1653907048 1164.0
1653907049 1164.0
1653907050 1164.0
1653907051 1164.0
1653907052 1164.0
1653907053 1164.0
1653907054 1164.0
1653907055 1164.0
1653907056 1164.0
1653907057 1164.0
1653907058 1164.0
1653907059 1164.0
1653907060 1164.0
1653907061 1164.0
1653907062 1164.0
1653907063 1164.0
1653907064 1164.0
1653907065 1164.0
1653907066 1164.0
1653907067 1164.0
1653907068 1164.0
1653907069 1164.0
1653907070 1164.0
1653907071 1164.0
1653907072 1164.0
1653907073 1164.0
1653907074 1164.0
1653907075 1164.0
1653907076 1164.0
1653907077 1164.0
1653907078 1164.0
1653907079 1164.0
1653907080 1164.0
1653907081 1164.0
1653907082 1164.0
1653907083 1164.0
1653907084 1164.0
1653907085 1164.0
1653907086 1164.0
1653907087 1164.0
1653907088 1164.0
1653907089 1164.0
1653907090 1164.0
1653907091 1164.0
1653907092 1164.0
1653907093 1164.0
1653907094 1164.0
1653907095 1164.0
1653907096 1164.0
1653907097 1164.0
1653907098 1164.0
1653907099 1164.0
1653907100 1164.0
1653907101 1164.0
1653907102 1164.0
1653907103 1164.0
1653907104 1164.0
1653907105 1164.0
1653907106 1164.0
1653907107 1164.0
1653907108 1164.0
1653907109 None
