1653906991 3026.0
1653906992 3026.0
1653906993 3026.0
1653906994 3026.0
1653906995 3026.0
1653906996 3026.0
1653906997 3026.0
1653906998 3026.0
1653906999 3026.0
1653907000 3026.0
1653907001 3026.0
1653907002 3026.0
1653907003 3026.0
1653907004 3026.0
1653907005 3026.0
1653907006 3026.0
1653907007 3026.0
1653907008 3026.0
1653907009 3026.0
1653907010 3026.0
1653907011 3026.0
1653907012 3026.0
1653907013 3026.0
1653907014 3026.0
1653907015 3026.0
1653907016 3026.0
1653907017 3026.0
1653907018 3026.0
1653907019 3026.0
1653907020 3026.0
1653907021 3026.0
1653907022 3026.0
1653907023 3026.0
1653907024 3026.0
1653907025 3026.0
1653907026 3026.0
1653907027 3026.0
1653907028 3026.0
1653907029 3026.0
1653907030 3026.0
1653907031 3026.0
1653907032 3026.0
1653907033 3026.0
1653907034 3026.0
1653907035 3026.0
1653907036 3026.0
1653907037 3026.0
1653907038 3026.0
1653907039 3026.0
1653907040 3026.0
1653907041 3026.0
1653907042 3026.0
1653907043 3026.0
1653907044 3026.0
1653907045 3026.0
1653907046 3026.0
1653907047 3026.0
1653907048 3026.0
1653907049 3026.0
1653907050 3026.0
1653907051 3026.0
1653907052 3026.0
1653907053 3026.0
1653907054 3026.0
1653907055 3026.0
1653907056 3026.0
1653907057 3026.0
1653907058 3026.0
1653907059 3026.0
1653907060 3026.0
1653907061 3026.0
1653907062 3026.0
1653907063 3026.0
1653907064 3026.0
1653907065 3026.0
1653907066 3026.0
1653907067 3026.0
1653907068 3026.0
1653907069 3026.0
1653907070 3026.0
1653907071 3026.0
1653907072 3026.0
1653907073 3026.0
1653907074 3026.0
1653907075 3026.0
1653907076 3026.0
1653907077 3026.0
1653907078 3026.0
1653907079 3026.0
1653907080 3026.0
1653907081 3026.0
1653907082 3026.0
1653907083 3026.0
1653907084 3026.0
1653907085 3026.0
1653907086 3026.0
1653907087 3026.0
1653907088 3026.0
1653907089 3026.0
1653907090 3026.0
1653907091 3026.0
1653907092 3026.0
1653907093 3026.0
1653907094 3026.0
1653907095 3026.0
1653907096 3026.0
1653907097 3026.0
1653907098 3026.0
1653907099 3026.0
1653907100 3026.0
1653907101 3026.0
1653907102 3026.0
1653907103 3026.0
1653907104 3026.0
1653907105 3026.0
1653907106 3026.0
1653907107 3026.0
1653907108 3026.0
1653907109 None
1653907110 None
