1650534768 5797.0
1650534769 5797.0
1650534770 5797.0
1650534771 5797.0
1650534772 5797.0
1650534773 5797.0
1650534774 5797.0
1650534775 5797.0
1650534776 5797.0
1650534777 5797.0
1650534778 5797.0
1650534779 5797.0
1650534780 5797.0
1650534781 5797.0
1650534782 5797.0
1650534783 5797.0
1650534784 5797.0
1650534785 5797.0
1650534786 5797.0
1650534787 5797.0
1650534788 5797.0
1650534789 5797.0
1650534790 5797.0
1650534791 5797.0
1650534792 5797.0
1650534793 5797.0
1650534794 5797.0
1650534795 5797.0
1650534796 5797.0
1650534797 5797.0
1650534798 5797.0
1650534799 5797.0
1650534800 5797.0
1650534801 5797.0
1650534802 5797.0
1650534803 5797.0
1650534804 5797.0
1650534805 5797.0
1650534806 5797.0
1650534807 5797.0
1650534808 5797.0
1650534809 5797.0
1650534810 5797.0
1650534811 5797.0
1650534812 5797.0
1650534813 5797.0
1650534814 5797.0
1650534815 5797.0
1650534816 5797.0
1650534817 5797.0
1650534818 5797.0
1650534819 5797.0
1650534820 5797.0
1650534821 5797.0
1650534822 5797.0
1650534823 5797.0
1650534824 5797.0
1650534825 5797.0
1650534826 5797.0
1650534827 5797.0
1650534828 5797.0
1650534829 5797.0
1650534830 5797.0
1650534831 5797.0
1650534832 5797.0
1650534833 5797.0
1650534834 5797.0
1650534835 5797.0
1650534836 5797.0
1650534837 5797.0
1650534838 5797.0
1650534839 5797.0
1650534840 5797.0
1650534841 5797.0
1650534842 5797.0
1650534843 5797.0
1650534844 5797.0
1650534845 5797.0
1650534846 5797.0
1650534847 5797.0
1650534848 5797.0
1650534849 5797.0
1650534850 5797.0
1650534851 5797.0
1650534852 5797.0
1650534853 5797.0
1650534854 5797.0
1650534855 5797.0
1650534856 5797.0
1650534857 5797.0
1650534858 5797.0
1650534859 5797.0
1650534860 5797.0
1650534861 5797.0
1650534862 5797.0
1650534863 5797.0
1650534864 5797.0
1650534865 5797.0
1650534866 5797.0
1650534867 5797.0
1650534868 5797.0
1650534869 5797.0
1650534870 5797.0
1650534871 5797.0
1650534872 5797.0
1650534873 5797.0
1650534874 5797.0
1650534875 5797.0
1650534876 5797.0
1650534877 5797.0
1650534878 5797.0
1650534879 5797.0
1650534880 5797.0
1650534881 5797.0
1650534882 5797.0
1650534883 5797.0
1650534884 None
1650534885 None
1650534886 None
1650534887 None
