1651569748 1477.0
1651569749 1477.0
1651569750 1477.0
1651569751 1477.0
1651569752 1477.0
1651569753 1477.0
1651569754 1477.0
1651569755 1477.0
1651569756 1477.0
1651569757 1477.0
1651569758 1477.0
1651569759 1477.0
1651569760 1477.0
1651569761 1477.0
1651569762 1477.0
1651569763 1477.0
1651569764 1477.0
1651569765 1477.0
1651569766 1477.0
1651569767 1477.0
1651569768 1477.0
1651569769 1477.0
1651569770 1477.0
1651569771 1477.0
1651569772 1477.0
1651569773 1477.0
1651569774 1477.0
1651569775 1477.0
1651569776 1477.0
1651569777 1477.0
1651569778 1477.0
1651569779 1477.0
1651569780 1477.0
1651569781 1477.0
1651569782 1477.0
1651569783 1477.0
1651569784 1477.0
1651569785 1477.0
1651569786 1477.0
1651569787 1477.0
1651569788 1477.0
1651569789 1477.0
1651569790 1477.0
1651569791 1477.0
1651569792 1477.0
1651569793 1477.0
1651569794 1477.0
1651569795 1477.0
1651569796 1477.0
1651569797 1477.0
1651569798 1477.0
1651569799 1477.0
1651569800 1477.0
1651569801 1477.0
1651569802 1477.0
1651569803 1477.0
1651569804 1477.0
1651569805 1477.0
1651569806 1477.0
1651569807 1477.0
1651569808 1477.0
1651569809 1477.0
1651569810 1477.0
1651569811 1477.0
1651569812 1477.0
1651569813 1477.0
1651569814 1477.0
1651569815 1477.0
1651569816 1477.0
1651569817 1477.0
1651569818 1477.0
1651569819 1477.0
1651569820 1477.0
1651569821 1477.0
1651569822 1477.0
1651569823 1477.0
1651569824 1477.0
1651569825 1477.0
1651569826 1477.0
1651569827 1477.0
1651569828 1477.0
1651569829 1477.0
1651569830 1477.0
1651569831 1477.0
1651569832 1477.0
1651569833 1477.0
1651569834 1477.0
1651569835 1477.0
1651569836 1477.0
1651569837 1477.0
1651569838 1477.0
1651569839 1477.0
1651569840 1477.0
1651569841 1477.0
1651569842 1477.0
1651569843 1477.0
1651569844 1477.0
1651569845 1477.0
1651569846 1477.0
1651569847 1477.0
1651569848 1477.0
1651569849 1477.0
1651569850 1477.0
1651569851 1477.0
1651569852 1477.0
1651569853 1477.0
1651569854 1477.0
1651569855 1477.0
1651569856 1477.0
1651569857 1477.0
1651569858 1477.0
1651569859 1477.0
1651569860 1477.0
1651569861 1477.0
1651569862 1477.0
1651569863 1477.0
1651569864 1477.0
1651569865 1477.0
1651569866 None
1651569867 None
