1653906991 39.0
1653906992 39.0
1653906993 39.0
1653906994 39.0
1653906995 39.0
1653906996 39.0
1653906997 39.0
1653906998 39.0
1653906999 39.0
1653907000 39.0
1653907001 39.0
1653907002 39.0
1653907003 39.0
1653907004 39.0
1653907005 39.0
1653907006 39.0
1653907007 39.0
1653907008 39.0
1653907009 39.0
1653907010 39.0
1653907011 39.0
1653907012 39.0
1653907013 39.0
1653907014 39.0
1653907015 39.0
1653907016 39.0
1653907017 39.0
1653907018 39.0
1653907019 39.0
1653907020 39.0
1653907021 39.0
1653907022 39.0
1653907023 39.0
1653907024 39.0
1653907025 39.0
1653907026 39.0
1653907027 39.0
1653907028 39.0
1653907029 39.0
1653907030 39.0
1653907031 39.0
1653907032 39.0
1653907033 39.0
1653907034 39.0
1653907035 39.0
1653907036 39.0
1653907037 39.0
1653907038 39.0
1653907039 39.0
1653907040 39.0
1653907041 39.0
1653907042 39.0
1653907043 39.0
1653907044 39.0
1653907045 39.0
1653907046 39.0
1653907047 39.0
1653907048 39.0
1653907049 39.0
1653907050 39.0
1653907051 39.0
1653907052 39.0
1653907053 39.0
1653907054 39.0
1653907055 39.0
1653907056 39.0
1653907057 39.0
1653907058 39.0
1653907059 39.0
1653907060 39.0
1653907061 39.0
1653907062 39.0
1653907063 39.0
1653907064 39.0
1653907065 39.0
1653907066 39.0
1653907067 39.0
1653907068 39.0
1653907069 39.0
1653907070 39.0
1653907071 39.0
1653907072 39.0
1653907073 39.0
1653907074 39.0
1653907075 39.0
1653907076 39.0
1653907077 39.0
1653907078 39.0
1653907079 39.0
1653907080 39.0
1653907081 39.0
1653907082 39.0
1653907083 39.0
1653907084 39.0
1653907085 39.0
1653907086 39.0
1653907087 39.0
1653907088 39.0
1653907089 39.0
1653907090 39.0
1653907091 39.0
1653907092 39.0
1653907093 39.0
1653907094 39.0
1653907095 39.0
1653907096 39.0
1653907097 39.0
1653907098 39.0
1653907099 39.0
1653907100 39.0
1653907101 39.0
1653907102 39.0
1653907103 39.0
1653907104 39.0
1653907105 39.0
1653907106 39.0
1653907107 39.0
1653907108 39.0
1653907109 None
1653907110 None
