1652216177 46.0
1652216178 55.0
1652216179 66.0
1652216180 66.0
1652216181 72.0
1652216182 77.0
1652216183 77.0
1652216184 86.0
1652216185 92.0
1652216186 99.0
1652216187 99.0
1652216188 108.0
1652216189 112.0
1652216190 112.0
1652216191 121.0
1652216192 126.0
1652216193 131.0
1652216194 131.0
1652216195 138.0
1652216196 143.0
1652216197 150.0
1652216198 150.0
1652216199 155.0
1652216200 164.0
1652216201 173.0
1652216202 173.0
1652216203 179.0
1652216204 191.0
1652216205 191.0
1652216206 196.0
1652216207 202.0
1652216208 202.0
1652216209 208.0
1652216210 214.0
1652216211 214.0
1652216212 220.0
1652216213 226.0
1652216214 232.0
1652216215 232.0
1652216216 240.0
1652216217 244.0
1652216218 251.0
1652216219 251.0
1652216220 258.0
1652216221 267.0
1652216222 271.0
1652216223 271.0
1652216224 279.0
1652216225 287.0
1652216226 294.0
1652216227 294.0
1652216228 300.0
1652216229 304.0
1652216230 313.0
1652216231 313.0
1652216232 317.0
1652216233 324.0
1652216234 332.0
1652216235 332.0
1652216236 339.0
1652216237 345.0
1652216238 352.0
1652216239 352.0
1652216240 359.0
1652216241 363.0
1652216242 370.0
1652216243 370.0
1652216244 378.0
1652216245 382.0
1652216246 388.0
1652216247 388.0
1652216248 394.0
1652216249 403.0
1652216250 403.0
1652216251 412.0
1652216252 419.0
1652216253 427.0
1652216254 427.0
1652216255 434.0
1652216256 442.0
1652216257 448.0
1652216258 448.0
1652216259 455.0
1652216260 463.0
1652216261 471.0
1652216262 471.0
1652216263 478.0
1652216264 485.0
1652216265 485.0
1652216266 491.0
1652216267 496.0
1652216268 502.0
1652216269 502.0
1652216270 508.0
1652216271 514.0
1652216272 514.0
1652216273 520.0
1652216274 527.0
1652216275 532.0
1652216276 532.0
1652216277 537.0
1652216278 542.0
1652216279 547.0
1652216280 547.0
1652216281 553.0
1652216282 558.0
1652216283 567.0
1652216284 567.0
1652216285 573.0
1652216286 579.0
1652216287 588.0
1652216288 588.0
1652216289 596.0
1652216290 603.0
1652216291 603.0
1652216292 613.0
1652216293 619.0
1652216294 None
1652216295 None
1652216296 None
