1649676107 3025.0
1649676108 3025.0
1649676109 3025.0
1649676110 3025.0
1649676111 3025.0
1649676112 3025.0
1649676113 3025.0
1649676114 3025.0
1649676115 3025.0
1649676116 3025.0
1649676117 3025.0
1649676118 3025.0
1649676119 3025.0
1649676120 3025.0
1649676121 3025.0
1649676122 3025.0
1649676123 3025.0
1649676124 3025.0
1649676125 3025.0
1649676126 3025.0
1649676127 3025.0
1649676128 3025.0
1649676129 3025.0
1649676130 3025.0
1649676131 3025.0
1649676132 3025.0
1649676133 3025.0
1649676134 3025.0
1649676135 3025.0
1649676136 3025.0
1649676137 3025.0
1649676138 3025.0
1649676139 3025.0
1649676140 3025.0
1649676141 3025.0
1649676142 3025.0
1649676143 3025.0
1649676144 3025.0
1649676145 3025.0
1649676146 3025.0
1649676147 3025.0
1649676148 3025.0
1649676149 3025.0
1649676150 3025.0
1649676151 3025.0
1649676152 3025.0
1649676153 3025.0
1649676154 3025.0
1649676155 3025.0
1649676156 3025.0
1649676157 3025.0
1649676158 3025.0
1649676159 3025.0
1649676160 3025.0
1649676161 3025.0
1649676162 3025.0
1649676163 3025.0
1649676164 3025.0
1649676165 3025.0
1649676166 3025.0
1649676167 3025.0
1649676168 3025.0
1649676169 3025.0
1649676170 3025.0
1649676171 3025.0
1649676172 3025.0
1649676173 3025.0
1649676174 3025.0
1649676175 3025.0
1649676176 3025.0
1649676177 3025.0
1649676178 3025.0
1649676179 3025.0
1649676180 3025.0
1649676181 3025.0
1649676182 3025.0
1649676183 3025.0
1649676184 3025.0
1649676185 3025.0
1649676186 3025.0
1649676187 3025.0
1649676188 3025.0
1649676189 3025.0
1649676190 3025.0
1649676191 3025.0
1649676192 3025.0
1649676193 3025.0
1649676194 3025.0
1649676195 3025.0
1649676196 3025.0
1649676197 3025.0
1649676198 3025.0
1649676199 3025.0
1649676200 3025.0
1649676201 3025.0
1649676202 3025.0
1649676203 3025.0
1649676204 3025.0
1649676205 3025.0
1649676206 3025.0
1649676207 3025.0
1649676208 3025.0
1649676209 3025.0
1649676210 3025.0
1649676211 3025.0
1649676212 3025.0
1649676213 3025.0
1649676214 3025.0
1649676215 3025.0
1649676216 3025.0
1649676217 3025.0
1649676218 3025.0
1649676219 3025.0
1649676220 3025.0
1649676221 3025.0
1649676222 3025.0
1649676223 3025.0
1649676224 3025.0
1649676225 None
1649676226 None
