1649354319 20.0
1649354320 20.0
1649354321 23.0
1649354322 28.0
1649354323 31.0
1649354324 31.0
1649354325 34.0
1649354326 35.0
1649354327 39.0
1649354328 39.0
1649354329 43.0
1649354330 45.0
1649354331 47.0
1649354332 47.0
1649354333 52.0
1649354334 55.0
1649354335 55.0
1649354336 58.0
1649354337 62.0
1649354338 67.0
1649354339 67.0
1649354340 72.0
1649354341 77.0
1649354342 81.0
1649354343 81.0
1649354344 83.0
1649354345 89.0
1649354346 92.0
1649354347 92.0
1649354348 96.0
1649354349 101.0
1649354350 101.0
1649354351 106.0
1649354352 108.0
1649354353 112.0
1649354354 112.0
1649354355 117.0
1649354356 121.0
1649354357 124.0
1649354358 124.0
1649354359 127.0
1649354360 131.0
1649354361 136.0
1649354362 136.0
1649354363 140.0
1649354364 146.0
1649354365 149.0
1649354366 149.0
1649354367 154.0
1649354368 159.0
1649354369 163.0
1649354370 163.0
1649354371 167.0
1649354372 170.0
1649354373 170.0
1649354374 175.0
1649354375 178.0
1649354376 182.0
1649354377 182.0
1649354378 186.0
1649354379 188.0
1649354380 192.0
1649354381 192.0
1649354382 198.0
1649354383 202.0
1649354384 202.0
1649354385 207.0
1649354386 211.0
1649354387 214.0
1649354388 214.0
1649354389 218.0
1649354390 224.0
1649354391 228.0
1649354392 228.0
1649354393 231.0
1649354394 236.0
1649354395 239.0
1649354396 239.0
1649354397 240.0
1649354398 241.0
1649354399 244.0
1649354400 244.0
1649354401 249.0
1649354402 255.0
1649354403 255.0
1649354404 257.0
1649354405 259.0
1649354406 263.0
1649354407 263.0
1649354408 267.0
1649354409 272.0
1649354410 276.0
1649354411 276.0
1649354412 279.0
1649354413 284.0
1649354414 286.0
1649354415 286.0
1649354416 290.0
1649354417 293.0
1649354418 293.0
1649354419 297.0
1649354420 302.0
1649354421 306.0
1649354422 306.0
1649354423 309.0
1649354424 311.0
1649354425 314.0
1649354426 314.0
1649354427 317.0
1649354428 320.0
1649354429 324.0
1649354430 324.0
1649354431 329.0
1649354432 333.0
1649354433 333.0
1649354434 336.0
1649354435 338.0
1649354436 339.0
1649354437 339.0
1649354438 None
