1650018860 18.0
1650018861 18.0
1650018862 19.0
1650018863 22.0
1650018864 28.0
1650018865 28.0
1650018866 30.0
1650018867 33.0
1650018868 33.0
1650018869 33.0
1650018870 37.0
1650018871 41.0
1650018872 42.0
1650018873 42.0
1650018874 44.0
1650018875 46.0
1650018876 46.0
1650018877 49.0
1650018878 52.0
1650018879 57.0
1650018880 57.0
1650018881 59.0
1650018882 62.0
1650018883 66.0
1650018884 66.0
1650018885 68.0
1650018886 71.0
1650018887 73.0
1650018888 73.0
1650018889 75.0
1650018890 76.0
1650018891 77.0
1650018892 77.0
1650018893 78.0
1650018894 81.0
1650018895 83.0
1650018896 83.0
1650018897 84.0
1650018898 86.0
1650018899 91.0
1650018900 91.0
1650018901 93.0
1650018902 97.0
1650018903 97.0
1650018904 100.0
1650018905 103.0
1650018906 103.0
1650018907 103.0
1650018908 107.0
1650018909 110.0
1650018910 113.0
1650018911 113.0
1650018912 118.0
1650018913 119.0
1650018914 119.0
1650018915 119.0
1650018916 121.0
1650018917 124.0
1650018918 126.0
1650018919 126.0
1650018920 129.0
1650018921 129.0
1650018922 131.0
1650018923 131.0
1650018924 135.0
1650018925 139.0
1650018926 139.0
1650018927 141.0
1650018928 143.0
1650018929 148.0
1650018930 148.0
1650018931 150.0
1650018932 154.0
1650018933 158.0
1650018934 158.0
1650018935 160.0
1650018936 160.0
1650018937 162.0
1650018938 162.0
1650018939 165.0
1650018940 167.0
1650018941 168.0
1650018942 168.0
1650018943 170.0
1650018944 173.0
1650018945 175.0
1650018946 175.0
1650018947 178.0
1650018948 181.0
1650018949 181.0
1650018950 184.0
1650018951 188.0
1650018952 188.0
1650018953 188.0
1650018954 193.0
1650018955 198.0
1650018956 201.0
1650018957 201.0
1650018958 205.0
1650018959 208.0
1650018960 211.0
1650018961 211.0
1650018962 213.0
1650018963 217.0
1650018964 217.0
1650018965 217.0
1650018966 218.0
1650018967 219.0
1650018968 219.0
1650018969 221.0
1650018970 222.0
1650018971 225.0
1650018972 225.0
1650018973 227.0
1650018974 230.0
1650018975 233.0
1650018976 233.0
1650018977 233.0
1650018978 None
1650018979 None
