1649676108 902.0
1649676109 902.0
1649676110 902.0
1649676111 902.0
1649676112 902.0
1649676113 902.0
1649676114 902.0
1649676115 902.0
1649676116 902.0
1649676117 902.0
1649676118 902.0
1649676119 902.0
1649676120 902.0
1649676121 902.0
1649676122 902.0
1649676123 902.0
1649676124 902.0
1649676125 902.0
1649676126 902.0
1649676127 902.0
1649676128 902.0
1649676129 902.0
1649676130 902.0
1649676131 902.0
1649676132 902.0
1649676133 902.0
1649676134 902.0
1649676135 902.0
1649676136 902.0
1649676137 902.0
1649676138 902.0
1649676139 902.0
1649676140 902.0
1649676141 902.0
1649676142 902.0
1649676143 902.0
1649676144 902.0
1649676145 902.0
1649676146 902.0
1649676147 902.0
1649676148 902.0
1649676149 902.0
1649676150 902.0
1649676151 902.0
1649676152 902.0
1649676153 902.0
1649676154 902.0
1649676155 902.0
1649676156 902.0
1649676157 902.0
1649676158 902.0
1649676159 902.0
1649676160 902.0
1649676161 902.0
1649676162 902.0
1649676163 902.0
1649676164 902.0
1649676165 902.0
1649676166 902.0
1649676167 902.0
1649676168 902.0
1649676169 902.0
1649676170 902.0
1649676171 902.0
1649676172 902.0
1649676173 902.0
1649676174 902.0
1649676175 902.0
1649676176 902.0
1649676177 902.0
1649676178 902.0
1649676179 902.0
1649676180 902.0
1649676181 902.0
1649676182 902.0
1649676183 902.0
1649676184 902.0
1649676185 902.0
1649676186 902.0
1649676187 902.0
1649676188 902.0
1649676189 902.0
1649676190 902.0
1649676191 902.0
1649676192 902.0
1649676193 902.0
1649676194 902.0
1649676195 902.0
1649676196 902.0
1649676197 902.0
1649676198 902.0
1649676199 902.0
1649676200 902.0
1649676201 902.0
1649676202 902.0
1649676203 902.0
1649676204 902.0
1649676205 902.0
1649676206 902.0
1649676207 902.0
1649676208 902.0
1649676209 902.0
1649676210 902.0
1649676211 902.0
1649676212 902.0
1649676213 902.0
1649676214 902.0
1649676215 902.0
1649676216 902.0
1649676217 902.0
1649676218 902.0
1649676219 902.0
1649676220 902.0
1649676221 902.0
1649676222 902.0
1649676223 902.0
1649676224 902.0
1649676225 None
1649676226 None
1649676227 None
