1649415794 235.0
1649415795 235.0
1649415796 235.0
1649415797 235.0
1649415798 235.0
1649415799 235.0
1649415800 235.0
1649415801 235.0
1649415802 235.0
1649415803 235.0
1649415804 235.0
1649415805 235.0
1649415806 235.0
1649415807 235.0
1649415808 235.0
1649415809 235.0
1649415810 235.0
1649415811 235.0
1649415812 235.0
1649415813 235.0
1649415814 235.0
1649415815 235.0
1649415816 235.0
1649415817 235.0
1649415818 235.0
1649415819 235.0
1649415820 235.0
1649415821 235.0
1649415822 235.0
1649415823 235.0
1649415824 235.0
1649415825 235.0
1649415826 235.0
1649415827 235.0
1649415828 235.0
1649415829 235.0
1649415830 235.0
1649415831 235.0
1649415832 235.0
1649415833 235.0
1649415834 235.0
1649415835 235.0
1649415836 235.0
1649415837 235.0
1649415838 235.0
1649415839 235.0
1649415840 235.0
1649415841 235.0
1649415842 235.0
1649415843 235.0
1649415844 235.0
1649415845 235.0
1649415846 235.0
1649415847 235.0
1649415848 235.0
1649415849 235.0
1649415850 235.0
1649415851 235.0
1649415852 235.0
1649415853 235.0
1649415854 235.0
1649415855 235.0
1649415856 235.0
1649415857 235.0
1649415858 235.0
1649415859 235.0
1649415860 235.0
1649415861 235.0
1649415862 235.0
1649415863 235.0
1649415864 235.0
1649415865 235.0
1649415866 235.0
1649415867 235.0
1649415868 235.0
1649415869 235.0
1649415870 235.0
1649415871 235.0
1649415872 235.0
1649415873 235.0
1649415874 235.0
1649415875 235.0
1649415876 235.0
1649415877 235.0
1649415878 235.0
1649415879 235.0
1649415880 235.0
1649415881 235.0
1649415882 235.0
1649415883 235.0
1649415884 235.0
1649415885 235.0
1649415886 235.0
1649415887 235.0
1649415888 235.0
1649415889 235.0
1649415890 235.0
1649415891 235.0
1649415892 235.0
1649415893 235.0
1649415894 235.0
1649415895 235.0
1649415896 235.0
1649415897 235.0
1649415898 235.0
1649415899 235.0
1649415900 235.0
1649415901 235.0
1649415902 235.0
1649415903 235.0
1649415904 235.0
1649415905 235.0
1649415906 235.0
1649415907 235.0
1649415908 235.0
1649415909 235.0
1649415910 235.0
1649415911 235.0
1649415912 None
1649415913 None
