1649758493 36.0
1649758494 36.0
1649758495 42.0
1649758496 47.0
1649758497 54.0
1649758498 54.0
1649758499 58.0
1649758500 62.0
1649758501 66.0
1649758502 66.0
1649758503 68.0
1649758504 72.0
1649758505 76.0
1649758506 76.0
1649758507 79.0
1649758508 85.0
1649758509 85.0
1649758510 92.0
1649758511 96.0
1649758512 102.0
1649758513 102.0
1649758514 108.0
1649758515 114.0
1649758516 116.0
1649758517 116.0
1649758518 123.0
1649758519 127.0
1649758520 130.0
1649758521 130.0
1649758522 134.0
1649758523 139.0
1649758524 143.0
1649758525 143.0
1649758526 149.0
1649758527 153.0
1649758528 158.0
1649758529 158.0
1649758530 162.0
1649758531 168.0
1649758532 168.0
1649758533 175.0
1649758534 180.0
1649758535 186.0
1649758536 186.0
1649758537 192.0
1649758538 198.0
1649758539 200.0
1649758540 200.0
1649758541 205.0
1649758542 210.0
1649758543 216.0
1649758544 216.0
1649758545 223.0
1649758546 228.0
1649758547 233.0
1649758548 233.0
1649758549 240.0
1649758550 245.0
1649758551 245.0
1649758552 250.0
1649758553 256.0
1649758554 261.0
1649758555 261.0
1649758556 265.0
1649758557 270.0
1649758558 274.0
1649758559 274.0
1649758560 280.0
1649758561 286.0
1649758562 288.0
1649758563 288.0
1649758564 294.0
1649758565 300.0
1649758566 303.0
1649758567 303.0
1649758568 308.0
1649758569 312.0
1649758570 317.0
1649758571 317.0
1649758572 321.0
1649758573 326.0
1649758574 326.0
1649758575 331.0
1649758576 336.0
1649758577 341.0
1649758578 341.0
1649758579 347.0
1649758580 355.0
1649758581 359.0
1649758582 359.0
1649758583 362.0
1649758584 368.0
1649758585 374.0
1649758586 374.0
1649758587 380.0
1649758588 385.0
1649758589 389.0
1649758590 389.0
1649758591 393.0
1649758592 397.0
1649758593 404.0
1649758594 404.0
1649758595 410.0
1649758596 412.0
1649758597 416.0
1649758598 416.0
1649758599 423.0
1649758600 427.0
1649758601 427.0
1649758602 432.0
1649758603 437.0
1649758604 444.0
1649758605 444.0
1649758606 449.0
1649758607 454.0
1649758608 457.0
1649758609 457.0
1649758610 None
1649758611 None
1649758612 None
