1649758492 5797.0
1649758493 5797.0
1649758494 5797.0
1649758495 5797.0
1649758496 5797.0
1649758497 5797.0
1649758498 5797.0
1649758499 5797.0
1649758500 5797.0
1649758501 5797.0
1649758502 5797.0
1649758503 5797.0
1649758504 5797.0
1649758505 5797.0
1649758506 5797.0
1649758507 5797.0
1649758508 5797.0
1649758509 5797.0
1649758510 5797.0
1649758511 5797.0
1649758512 5797.0
1649758513 5797.0
1649758514 5797.0
1649758515 5797.0
1649758516 5797.0
1649758517 5797.0
1649758518 5797.0
1649758519 5797.0
1649758520 5797.0
1649758521 5797.0
1649758522 5797.0
1649758523 5797.0
1649758524 5797.0
1649758525 5797.0
1649758526 5797.0
1649758527 5797.0
1649758528 5797.0
1649758529 5797.0
1649758530 5797.0
1649758531 5797.0
1649758532 5797.0
1649758533 5797.0
1649758534 5797.0
1649758535 5797.0
1649758536 5797.0
1649758537 5797.0
1649758538 5797.0
1649758539 5797.0
1649758540 5797.0
1649758541 5797.0
1649758542 5797.0
1649758543 5797.0
1649758544 5797.0
1649758545 5797.0
1649758546 5797.0
1649758547 5797.0
1649758548 5797.0
1649758549 5797.0
1649758550 5797.0
1649758551 5797.0
1649758552 5797.0
1649758553 5797.0
1649758554 5797.0
1649758555 5797.0
1649758556 5797.0
1649758557 5797.0
1649758558 5797.0
1649758559 5797.0
1649758560 5797.0
1649758561 5797.0
1649758562 5797.0
1649758563 5797.0
1649758564 5797.0
1649758565 5797.0
1649758566 5797.0
1649758567 5797.0
1649758568 5797.0
1649758569 5797.0
1649758570 5797.0
1649758571 5797.0
1649758572 5797.0
1649758573 5797.0
1649758574 5797.0
1649758575 5797.0
1649758576 5797.0
1649758577 5797.0
1649758578 5797.0
1649758579 5797.0
1649758580 5797.0
1649758581 5797.0
1649758582 5797.0
1649758583 5797.0
1649758584 5797.0
1649758585 5797.0
1649758586 5797.0
1649758587 5797.0
1649758588 5797.0
1649758589 5797.0
1649758590 5797.0
1649758591 5797.0
1649758592 5797.0
1649758593 5797.0
1649758594 5797.0
1649758595 5797.0
1649758596 5797.0
1649758597 5797.0
1649758598 5797.0
1649758599 5797.0
1649758600 5797.0
1649758601 5797.0
1649758602 5797.0
1649758603 5797.0
1649758604 5797.0
1649758605 5797.0
1649758606 5797.0
1649758607 5797.0
1649758608 5797.0
1649758609 5797.0
1649758610 None
1649758611 None
