1649676107 39.0
1649676108 39.0
1649676109 39.0
1649676110 39.0
1649676111 39.0
1649676112 39.0
1649676113 39.0
1649676114 39.0
1649676115 39.0
1649676116 39.0
1649676117 39.0
1649676118 39.0
1649676119 39.0
1649676120 39.0
1649676121 39.0
1649676122 39.0
1649676123 39.0
1649676124 39.0
1649676125 39.0
1649676126 39.0
1649676127 39.0
1649676128 39.0
1649676129 39.0
1649676130 39.0
1649676131 39.0
1649676132 39.0
1649676133 39.0
1649676134 39.0
1649676135 39.0
1649676136 39.0
1649676137 39.0
1649676138 39.0
1649676139 39.0
1649676140 39.0
1649676141 39.0
1649676142 39.0
1649676143 39.0
1649676144 39.0
1649676145 39.0
1649676146 39.0
1649676147 39.0
1649676148 39.0
1649676149 39.0
1649676150 39.0
1649676151 39.0
1649676152 39.0
1649676153 39.0
1649676154 39.0
1649676155 39.0
1649676156 39.0
1649676157 39.0
1649676158 39.0
1649676159 39.0
1649676160 39.0
1649676161 39.0
1649676162 39.0
1649676163 39.0
1649676164 39.0
1649676165 39.0
1649676166 39.0
1649676167 39.0
1649676168 39.0
1649676169 39.0
1649676170 39.0
1649676171 39.0
1649676172 39.0
1649676173 39.0
1649676174 39.0
1649676175 39.0
1649676176 39.0
1649676177 39.0
1649676178 39.0
1649676179 39.0
1649676180 39.0
1649676181 39.0
1649676182 39.0
1649676183 39.0
1649676184 39.0
1649676185 39.0
1649676186 39.0
1649676187 39.0
1649676188 39.0
1649676189 39.0
1649676190 39.0
1649676191 39.0
1649676192 39.0
1649676193 39.0
1649676194 39.0
1649676195 39.0
1649676196 39.0
1649676197 39.0
1649676198 39.0
1649676199 39.0
1649676200 39.0
1649676201 39.0
1649676202 39.0
1649676203 39.0
1649676204 39.0
1649676205 39.0
1649676206 39.0
1649676207 39.0
1649676208 39.0
1649676209 39.0
1649676210 39.0
1649676211 39.0
1649676212 39.0
1649676213 39.0
1649676214 39.0
1649676215 39.0
1649676216 39.0
1649676217 39.0
1649676218 39.0
1649676219 39.0
1649676220 39.0
1649676221 39.0
1649676222 39.0
1649676223 39.0
1649676224 39.0
1649676225 None
1649676226 None
