1650018859 1484.0
1650018860 1484.0
1650018861 1484.0
1650018862 1484.0
1650018863 1484.0
1650018864 1484.0
1650018865 1484.0
1650018866 1484.0
1650018867 1484.0
1650018868 1484.0
1650018869 1484.0
1650018870 1484.0
1650018871 1484.0
1650018872 1484.0
1650018873 1484.0
1650018874 1484.0
1650018875 1484.0
1650018876 1484.0
1650018877 1484.0
1650018878 1484.0
1650018879 1484.0
1650018880 1484.0
1650018881 1484.0
1650018882 1484.0
1650018883 1484.0
1650018884 1484.0
1650018885 1484.0
1650018886 1484.0
1650018887 1484.0
1650018888 1484.0
1650018889 1484.0
1650018890 1484.0
1650018891 1484.0
1650018892 1484.0
1650018893 1484.0
1650018894 1484.0
1650018895 1484.0
1650018896 1484.0
1650018897 1484.0
1650018898 1484.0
1650018899 1484.0
1650018900 1484.0
1650018901 1484.0
1650018902 1484.0
1650018903 1484.0
1650018904 1484.0
1650018905 1484.0
1650018906 1484.0
1650018907 1484.0
1650018908 1484.0
1650018909 1484.0
1650018910 1484.0
1650018911 1484.0
1650018912 1484.0
1650018913 1484.0
1650018914 1484.0
1650018915 1484.0
1650018916 1484.0
1650018917 1484.0
1650018918 1484.0
1650018919 1484.0
1650018920 1484.0
1650018921 1484.0
1650018922 1484.0
1650018923 1484.0
1650018924 1484.0
1650018925 1484.0
1650018926 1484.0
1650018927 1484.0
1650018928 1484.0
1650018929 1484.0
1650018930 1484.0
1650018931 1484.0
1650018932 1484.0
1650018933 1484.0
1650018934 1484.0
1650018935 1484.0
1650018936 1484.0
1650018937 1484.0
1650018938 1484.0
1650018939 1484.0
1650018940 1484.0
1650018941 1484.0
1650018942 1484.0
1650018943 1484.0
1650018944 1484.0
1650018945 1484.0
1650018946 1484.0
1650018947 1484.0
1650018948 1484.0
1650018949 1484.0
1650018950 1484.0
1650018951 1484.0
1650018952 1484.0
1650018953 1484.0
1650018954 1484.0
1650018955 1484.0
1650018956 1484.0
1650018957 1484.0
1650018958 1484.0
1650018959 1484.0
1650018960 1484.0
1650018961 1484.0
1650018962 1484.0
1650018963 1484.0
1650018964 1484.0
1650018965 1484.0
1650018966 1484.0
1650018967 1484.0
1650018968 1484.0
1650018969 1484.0
1650018970 1484.0
1650018971 1484.0
1650018972 1484.0
1650018973 1484.0
1650018974 1484.0
1650018975 1484.0
1650018976 1484.0
1650018977 1484.0
1650018978 None
