1649758493 1103.0
1649758494 1103.0
1649758495 1103.0
1649758496 1103.0
1649758497 1103.0
1649758498 1103.0
1649758499 1103.0
1649758500 1103.0
1649758501 1103.0
1649758502 1103.0
1649758503 1103.0
1649758504 1103.0
1649758505 1103.0
1649758506 1103.0
1649758507 1103.0
1649758508 1103.0
1649758509 1103.0
1649758510 1103.0
1649758511 1103.0
1649758512 1103.0
1649758513 1103.0
1649758514 1103.0
1649758515 1103.0
1649758516 1103.0
1649758517 1103.0
1649758518 1103.0
1649758519 1103.0
1649758520 1103.0
1649758521 1103.0
1649758522 1103.0
1649758523 1103.0
1649758524 1103.0
1649758525 1103.0
1649758526 1103.0
1649758527 1103.0
1649758528 1103.0
1649758529 1103.0
1649758530 1103.0
1649758531 1103.0
1649758532 1103.0
1649758533 1103.0
1649758534 1103.0
1649758535 1103.0
1649758536 1103.0
1649758537 1103.0
1649758538 1103.0
1649758539 1103.0
1649758540 1103.0
1649758541 1103.0
1649758542 1103.0
1649758543 1103.0
1649758544 1103.0
1649758545 1103.0
1649758546 1103.0
1649758547 1103.0
1649758548 1103.0
1649758549 1103.0
1649758550 1103.0
1649758551 1103.0
1649758552 1103.0
1649758553 1103.0
1649758554 1103.0
1649758555 1103.0
1649758556 1103.0
1649758557 1103.0
1649758558 1103.0
1649758559 1103.0
1649758560 1103.0
1649758561 1103.0
1649758562 1103.0
1649758563 1103.0
1649758564 1103.0
1649758565 1103.0
1649758566 1103.0
1649758567 1103.0
1649758568 1103.0
1649758569 1103.0
1649758570 1103.0
1649758571 1103.0
1649758572 1103.0
1649758573 1103.0
1649758574 1103.0
1649758575 1103.0
1649758576 1103.0
1649758577 1103.0
1649758578 1103.0
1649758579 1103.0
1649758580 1103.0
1649758581 1103.0
1649758582 1103.0
1649758583 1103.0
1649758584 1103.0
1649758585 1103.0
1649758586 1103.0
1649758587 1103.0
1649758588 1103.0
1649758589 1103.0
1649758590 1103.0
1649758591 1103.0
1649758592 1103.0
1649758593 1103.0
1649758594 1103.0
1649758595 1103.0
1649758596 1103.0
1649758597 1103.0
1649758598 1103.0
1649758599 1103.0
1649758600 1103.0
1649758601 1103.0
1649758602 1103.0
1649758603 1103.0
1649758604 1103.0
1649758605 1103.0
1649758606 1103.0
1649758607 1103.0
1649758608 1103.0
1649758609 1103.0
1649758610 None
1649758611 None
1649758612 None
