1649415794 2686.0
1649415795 2686.0
1649415796 2686.0
1649415797 2686.0
1649415798 2686.0
1649415799 2686.0
1649415800 2686.0
1649415801 2686.0
1649415802 2686.0
1649415803 2686.0
1649415804 2686.0
1649415805 2686.0
1649415806 2686.0
1649415807 2686.0
1649415808 2686.0
1649415809 2686.0
1649415810 2686.0
1649415811 2686.0
1649415812 2686.0
1649415813 2686.0
1649415814 2686.0
1649415815 2686.0
1649415816 2686.0
1649415817 2686.0
1649415818 2686.0
1649415819 2686.0
1649415820 2686.0
1649415821 2686.0
1649415822 2686.0
1649415823 2686.0
1649415824 2686.0
1649415825 2686.0
1649415826 2686.0
1649415827 2686.0
1649415828 2686.0
1649415829 2686.0
1649415830 2686.0
1649415831 2686.0
1649415832 2686.0
1649415833 2686.0
1649415834 2686.0
1649415835 2686.0
1649415836 2686.0
1649415837 2686.0
1649415838 2686.0
1649415839 2686.0
1649415840 2686.0
1649415841 2686.0
1649415842 2686.0
1649415843 2686.0
1649415844 2686.0
1649415845 2686.0
1649415846 2686.0
1649415847 2686.0
1649415848 2686.0
1649415849 2686.0
1649415850 2686.0
1649415851 2686.0
1649415852 2686.0
1649415853 2686.0
1649415854 2686.0
1649415855 2686.0
1649415856 2686.0
1649415857 2686.0
1649415858 2686.0
1649415859 2686.0
1649415860 2686.0
1649415861 2686.0
1649415862 2686.0
1649415863 2686.0
1649415864 2686.0
1649415865 2686.0
1649415866 2686.0
1649415867 2686.0
1649415868 2686.0
1649415869 2686.0
1649415870 2686.0
1649415871 2686.0
1649415872 2686.0
1649415873 2686.0
1649415874 2686.0
1649415875 2686.0
1649415876 2686.0
1649415877 2686.0
1649415878 2686.0
1649415879 2686.0
1649415880 2686.0
1649415881 2686.0
1649415882 2686.0
1649415883 2686.0
1649415884 2686.0
1649415885 2686.0
1649415886 2686.0
1649415887 2686.0
1649415888 2686.0
1649415889 2686.0
1649415890 2686.0
1649415891 2686.0
1649415892 2686.0
1649415893 2686.0
1649415894 2686.0
1649415895 2686.0
1649415896 2686.0
1649415897 2686.0
1649415898 2686.0
1649415899 2686.0
1649415900 2686.0
1649415901 2686.0
1649415902 2686.0
1649415903 2686.0
1649415904 2686.0
1649415905 2686.0
1649415906 2686.0
1649415907 2686.0
1649415908 2686.0
1649415909 2686.0
1649415910 2686.0
1649415911 2686.0
1649415912 None
1649415913 None
