1649415794 1497.0
1649415795 1497.0
1649415796 1497.0
1649415797 1497.0
1649415798 1497.0
1649415799 1497.0
1649415800 1497.0
1649415801 1497.0
1649415802 1497.0
1649415803 1497.0
1649415804 1497.0
1649415805 1497.0
1649415806 1497.0
1649415807 1497.0
1649415808 1497.0
1649415809 1497.0
1649415810 1497.0
1649415811 1497.0
1649415812 1497.0
1649415813 1497.0
1649415814 1497.0
1649415815 1497.0
1649415816 1497.0
1649415817 1497.0
1649415818 1497.0
1649415819 1497.0
1649415820 1497.0
1649415821 1497.0
1649415822 1497.0
1649415823 1497.0
1649415824 1497.0
1649415825 1497.0
1649415826 1497.0
1649415827 1497.0
1649415828 1497.0
1649415829 1497.0
1649415830 1497.0
1649415831 1497.0
1649415832 1497.0
1649415833 1497.0
1649415834 1497.0
1649415835 1497.0
1649415836 1497.0
1649415837 1497.0
1649415838 1497.0
1649415839 1497.0
1649415840 1497.0
1649415841 1497.0
1649415842 1497.0
1649415843 1497.0
1649415844 1497.0
1649415845 1497.0
1649415846 1497.0
1649415847 1497.0
1649415848 1497.0
1649415849 1497.0
1649415850 1497.0
1649415851 1497.0
1649415852 1497.0
1649415853 1497.0
1649415854 1497.0
1649415855 1497.0
1649415856 1497.0
1649415857 1497.0
1649415858 1497.0
1649415859 1497.0
1649415860 1497.0
1649415861 1497.0
1649415862 1497.0
1649415863 1497.0
1649415864 1497.0
1649415865 1497.0
1649415866 1497.0
1649415867 1497.0
1649415868 1497.0
1649415869 1497.0
1649415870 1497.0
1649415871 1497.0
1649415872 1497.0
1649415873 1497.0
1649415874 1497.0
1649415875 1497.0
1649415876 1497.0
1649415877 1497.0
1649415878 1497.0
1649415879 1497.0
1649415880 1497.0
1649415881 1497.0
1649415882 1497.0
1649415883 1497.0
1649415884 1497.0
1649415885 1497.0
1649415886 1497.0
1649415887 1497.0
1649415888 1497.0
1649415889 1497.0
1649415890 1497.0
1649415891 1497.0
1649415892 1497.0
1649415893 1497.0
1649415894 1497.0
1649415895 1497.0
1649415896 1497.0
1649415897 1497.0
1649415898 1497.0
1649415899 1497.0
1649415900 1497.0
1649415901 1497.0
1649415902 1497.0
1649415903 1497.0
1649415904 1497.0
1649415905 1497.0
1649415906 1497.0
1649415907 1497.0
1649415908 1497.0
1649415909 1497.0
1649415910 1497.0
1649415911 1497.0
1649415912 None
1649415913 None
