1650018860 59.0
1650018861 59.0
1650018862 65.0
1650018863 71.0
1650018864 76.0
1650018865 76.0
1650018866 83.0
1650018867 91.0
1650018868 94.0
1650018869 94.0
1650018870 100.0
1650018871 107.0
1650018872 112.0
1650018873 112.0
1650018874 119.0
1650018875 126.0
1650018876 126.0
1650018877 132.0
1650018878 134.0
1650018879 141.0
1650018880 141.0
1650018881 149.0
1650018882 157.0
1650018883 165.0
1650018884 165.0
1650018885 172.0
1650018886 181.0
1650018887 186.0
1650018888 186.0
1650018889 191.0
1650018890 198.0
1650018891 204.0
1650018892 204.0
1650018893 213.0
1650018894 218.0
1650018895 225.0
1650018896 225.0
1650018897 236.0
1650018898 240.0
1650018899 247.0
1650018900 247.0
1650018901 254.0
1650018902 260.0
1650018903 260.0
1650018904 265.0
1650018905 274.0
1650018906 279.0
1650018907 279.0
1650018908 285.0
1650018909 291.0
1650018910 297.0
1650018911 297.0
1650018912 304.0
1650018913 311.0
1650018914 317.0
1650018915 317.0
1650018916 325.0
1650018917 330.0
1650018918 336.0
1650018919 336.0
1650018920 344.0
1650018921 347.0
1650018922 353.0
1650018923 353.0
1650018924 358.0
1650018925 363.0
1650018926 363.0
1650018927 366.0
1650018928 374.0
1650018929 379.0
1650018930 379.0
1650018931 386.0
1650018932 391.0
1650018933 397.0
1650018934 397.0
1650018935 404.0
1650018936 413.0
1650018937 419.0
1650018938 419.0
1650018939 424.0
1650018940 430.0
1650018941 439.0
1650018942 439.0
1650018943 444.0
1650018944 452.0
1650018945 459.0
1650018946 459.0
1650018947 465.0
1650018948 472.0
1650018949 472.0
1650018950 479.0
1650018951 484.0
1650018952 490.0
1650018953 490.0
1650018954 499.0
1650018955 508.0
1650018956 515.0
1650018957 515.0
1650018958 522.0
1650018959 529.0
1650018960 535.0
1650018961 535.0
1650018962 539.0
1650018963 545.0
1650018964 545.0
1650018965 549.0
1650018966 556.0
1650018967 560.0
1650018968 560.0
1650018969 569.0
1650018970 578.0
1650018971 584.0
1650018972 584.0
1650018973 592.0
1650018974 598.0
1650018975 604.0
1650018976 604.0
1650018977 606.0
1650018978 None
1650018979 None
