1649758493 1171.0
1649758494 1171.0
1649758495 1171.0
1649758496 1171.0
1649758497 1171.0
1649758498 1171.0
1649758499 1171.0
1649758500 1171.0
1649758501 1171.0
1649758502 1171.0
1649758503 1171.0
1649758504 1171.0
1649758505 1171.0
1649758506 1171.0
1649758507 1171.0
1649758508 1171.0
1649758509 1171.0
1649758510 1171.0
1649758511 1171.0
1649758512 1171.0
1649758513 1171.0
1649758514 1171.0
1649758515 1171.0
1649758516 1171.0
1649758517 1171.0
1649758518 1171.0
1649758519 1171.0
1649758520 1171.0
1649758521 1171.0
1649758522 1171.0
1649758523 1171.0
1649758524 1171.0
1649758525 1171.0
1649758526 1171.0
1649758527 1171.0
1649758528 1171.0
1649758529 1171.0
1649758530 1171.0
1649758531 1171.0
1649758532 1171.0
1649758533 1171.0
1649758534 1171.0
1649758535 1171.0
1649758536 1171.0
1649758537 1171.0
1649758538 1171.0
1649758539 1171.0
1649758540 1171.0
1649758541 1171.0
1649758542 1171.0
1649758543 1171.0
1649758544 1171.0
1649758545 1171.0
1649758546 1171.0
1649758547 1171.0
1649758548 1171.0
1649758549 1171.0
1649758550 1171.0
1649758551 1171.0
1649758552 1171.0
1649758553 1171.0
1649758554 1171.0
1649758555 1171.0
1649758556 1171.0
1649758557 1171.0
1649758558 1171.0
1649758559 1171.0
1649758560 1171.0
1649758561 1171.0
1649758562 1171.0
1649758563 1171.0
1649758564 1171.0
1649758565 1171.0
1649758566 1171.0
1649758567 1171.0
1649758568 1171.0
1649758569 1171.0
1649758570 1171.0
1649758571 1171.0
1649758572 1171.0
1649758573 1171.0
1649758574 1171.0
1649758575 1171.0
1649758576 1171.0
1649758577 1171.0
1649758578 1171.0
1649758579 1171.0
1649758580 1171.0
1649758581 1171.0
1649758582 1171.0
1649758583 1171.0
1649758584 1171.0
1649758585 1171.0
1649758586 1171.0
1649758587 1171.0
1649758588 1171.0
1649758589 1171.0
1649758590 1171.0
1649758591 1171.0
1649758592 1171.0
1649758593 1171.0
1649758594 1171.0
1649758595 1171.0
1649758596 1171.0
1649758597 1171.0
1649758598 1171.0
1649758599 1171.0
1649758600 1171.0
1649758601 1171.0
1649758602 1171.0
1649758603 1171.0
1649758604 1171.0
1649758605 1171.0
1649758606 1171.0
1649758607 1171.0
1649758608 1171.0
1649758609 1171.0
1649758610 None
1649758611 None
1649758612 None
