1651656327 12.0
1651656328 14.0
1651656329 15.0
1651656330 17.0
1651656331 17.0
1651656332 20.0
1651656333 21.0
1651656334 21.0
1651656335 22.0
1651656336 24.0
1651656337 24.0
1651656338 24.0
1651656339 28.0
1651656340 30.0
1651656341 31.0
1651656342 31.0
1651656343 33.0
1651656344 35.0
1651656345 39.0
1651656346 39.0
1651656347 42.0
1651656348 46.0
1651656349 50.0
1651656350 50.0
1651656351 51.0
1651656352 53.0
1651656353 53.0
1651656354 57.0
1651656355 58.0
1651656356 60.0
1651656357 60.0
1651656358 64.0
1651656359 67.0
1651656360 69.0
1651656361 69.0
1651656362 73.0
1651656363 75.0
1651656364 77.0
1651656365 77.0
1651656366 79.0
1651656367 81.0
1651656368 81.0
1651656369 83.0
1651656370 87.0
1651656371 88.0
1651656372 88.0
1651656373 90.0
1651656374 92.0
1651656375 93.0
1651656376 93.0
1651656377 94.0
1651656378 95.0
1651656379 98.0
1651656380 98.0
1651656381 99.0
1651656382 102.0
1651656383 102.0
1651656384 102.0
1651656385 104.0
1651656386 107.0
1651656387 107.0
1651656388 111.0
1651656389 114.0
1651656390 117.0
1651656391 117.0
1651656392 120.0
1651656393 122.0
1651656394 124.0
1651656395 124.0
1651656396 125.0
1651656397 126.0
1651656398 130.0
1651656399 130.0
1651656400 134.0
1651656401 136.0
1651656402 136.0
1651656403 137.0
1651656404 143.0
1651656405 147.0
1651656406 147.0
1651656407 150.0
1651656408 153.0
1651656409 156.0
1651656410 156.0
1651656411 156.0
1651656412 157.0
1651656413 158.0
1651656414 158.0
1651656415 162.0
1651656416 164.0
1651656417 166.0
1651656418 166.0
1651656419 168.0
1651656420 175.0
1651656421 175.0
1651656422 175.0
1651656423 176.0
1651656424 179.0
1651656425 179.0
1651656426 183.0
1651656427 186.0
1651656428 189.0
1651656429 189.0
1651656430 192.0
1651656431 193.0
1651656432 199.0
1651656433 199.0
1651656434 201.0
1651656435 203.0
1651656436 203.0
1651656437 206.0
1651656438 209.0
1651656439 209.0
1651656440 209.0
1651656441 214.0
1651656442 217.0
1651656443 217.0
1651656444 217.0
1651656445 None
1651656446 None
