1653302365 1185.0
1653302366 1185.0
1653302367 1185.0
1653302368 1185.0
1653302369 1185.0
1653302370 1185.0
1653302371 1185.0
1653302372 1185.0
1653302373 1185.0
1653302374 1185.0
1653302375 1185.0
1653302376 1185.0
1653302377 1185.0
1653302378 1185.0
1653302379 1185.0
1653302380 1185.0
1653302381 1185.0
1653302382 1185.0
1653302383 1185.0
1653302384 1185.0
1653302385 1185.0
1653302386 1185.0
1653302387 1185.0
1653302388 1185.0
1653302389 1185.0
1653302390 1185.0
1653302391 1185.0
1653302392 1185.0
1653302393 1185.0
1653302394 1185.0
1653302395 1185.0
1653302396 1185.0
1653302397 1185.0
1653302398 1185.0
1653302399 1185.0
1653302400 1185.0
1653302401 1185.0
1653302402 1185.0
1653302403 1185.0
1653302404 1185.0
1653302405 1185.0
1653302406 1185.0
1653302407 1185.0
1653302408 1185.0
1653302409 1185.0
1653302410 1185.0
1653302411 1185.0
1653302412 1185.0
1653302413 1185.0
1653302414 1185.0
1653302415 1185.0
1653302416 1185.0
1653302417 1185.0
1653302418 1185.0
1653302419 1185.0
1653302420 1185.0
1653302421 1185.0
1653302422 1185.0
1653302423 1185.0
1653302424 1185.0
1653302425 1185.0
1653302426 1185.0
1653302427 1185.0
1653302428 1185.0
1653302429 1185.0
1653302430 1185.0
1653302431 1185.0
1653302432 1185.0
1653302433 1185.0
1653302434 1185.0
1653302435 1185.0
1653302436 1185.0
1653302437 1185.0
1653302438 1185.0
1653302439 1185.0
1653302440 1185.0
1653302441 1185.0
1653302442 1185.0
1653302443 1185.0
1653302444 1185.0
1653302445 1185.0
1653302446 1185.0
1653302447 1185.0
1653302448 1185.0
1653302449 1185.0
1653302450 1185.0
1653302451 1185.0
1653302452 1185.0
1653302453 1185.0
1653302454 1185.0
1653302455 1185.0
1653302456 1185.0
1653302457 1185.0
1653302458 1185.0
1653302459 1185.0
1653302460 1185.0
1653302461 1185.0
1653302462 1185.0
1653302463 1185.0
1653302464 1185.0
1653302465 1185.0
1653302466 1185.0
1653302467 1185.0
1653302468 1185.0
1653302469 1185.0
1653302470 1185.0
1653302471 1185.0
1653302472 1185.0
1653302473 1185.0
1653302474 1185.0
1653302475 1185.0
1653302476 1185.0
1653302477 1185.0
1653302478 1185.0
1653302479 1185.0
1653302480 1185.0
1653302481 1185.0
1653302482 None
1653302483 None
1653302484 None
