1651074641 902.0
1651074642 902.0
1651074643 902.0
1651074644 902.0
1651074645 902.0
1651074646 902.0
1651074647 902.0
1651074648 902.0
1651074649 902.0
1651074650 902.0
1651074651 902.0
1651074652 902.0
1651074653 902.0
1651074654 902.0
1651074655 902.0
1651074656 902.0
1651074657 902.0
1651074658 902.0
1651074659 902.0
1651074660 902.0
1651074661 902.0
1651074662 902.0
1651074663 902.0
1651074664 902.0
1651074665 902.0
1651074666 902.0
1651074667 902.0
1651074668 902.0
1651074669 902.0
1651074670 902.0
1651074671 902.0
1651074672 902.0
1651074673 902.0
1651074674 902.0
1651074675 902.0
1651074676 902.0
1651074677 902.0
1651074678 902.0
1651074679 902.0
1651074680 902.0
1651074681 902.0
1651074682 902.0
1651074683 902.0
1651074684 902.0
1651074685 902.0
1651074686 902.0
1651074687 902.0
1651074688 902.0
1651074689 902.0
1651074690 902.0
1651074691 902.0
1651074692 902.0
1651074693 902.0
1651074694 902.0
1651074695 902.0
1651074696 902.0
1651074697 902.0
1651074698 902.0
1651074699 902.0
1651074700 902.0
1651074701 902.0
1651074702 902.0
1651074703 902.0
1651074704 902.0
1651074705 902.0
1651074706 902.0
1651074707 902.0
1651074708 902.0
1651074709 902.0
1651074710 902.0
1651074711 902.0
1651074712 902.0
1651074713 902.0
1651074714 902.0
1651074715 902.0
1651074716 902.0
1651074717 902.0
1651074718 902.0
1651074719 902.0
1651074720 902.0
1651074721 902.0
1651074722 902.0
1651074723 902.0
1651074724 902.0
1651074725 902.0
1651074726 902.0
1651074727 902.0
1651074728 902.0
1651074729 902.0
1651074730 902.0
1651074731 902.0
1651074732 902.0
1651074733 902.0
1651074734 902.0
1651074735 902.0
1651074736 902.0
1651074737 902.0
1651074738 902.0
1651074739 902.0
1651074740 902.0
1651074741 902.0
1651074742 902.0
1651074743 902.0
1651074744 902.0
1651074745 902.0
1651074746 902.0
1651074747 902.0
1651074748 902.0
1651074749 902.0
1651074750 902.0
1651074751 902.0
1651074752 902.0
1651074753 902.0
1651074754 902.0
1651074755 902.0
1651074756 902.0
1651074757 902.0
1651074758 None
1651074759 None
1651074760 None
