1650553215 36.0
1650553216 42.0
1650553217 42.0
1650553218 47.0
1650553219 50.0
1650553220 55.0
1650553221 55.0
1650553222 60.0
1650553223 65.0
1650553224 69.0
1650553225 69.0
1650553226 76.0
1650553227 80.0
1650553228 85.0
1650553229 85.0
1650553230 88.0
1650553231 93.0
1650553232 93.0
1650553233 97.0
1650553234 104.0
1650553235 110.0
1650553236 110.0
1650553237 115.0
1650553238 122.0
1650553239 126.0
1650553240 126.0
1650553241 133.0
1650553242 138.0
1650553243 144.0
1650553244 144.0
1650553245 148.0
1650553246 154.0
1650553247 158.0
1650553248 158.0
1650553249 163.0
1650553250 169.0
1650553251 169.0
1650553252 173.0
1650553253 177.0
1650553254 181.0
1650553255 181.0
1650553256 184.0
1650553257 189.0
1650553258 191.0
1650553259 191.0
1650553260 196.0
1650553261 204.0
1650553262 209.0
1650553263 209.0
1650553264 216.0
1650553265 222.0
1650553266 228.0
1650553267 228.0
1650553268 233.0
1650553269 237.0
1650553270 237.0
1650553271 244.0
1650553272 247.0
1650553273 252.0
1650553274 252.0
1650553275 256.0
1650553276 261.0
1650553277 269.0
1650553278 269.0
1650553279 274.0
1650553280 280.0
1650553281 280.0
1650553282 284.0
1650553283 289.0
1650553284 292.0
1650553285 292.0
1650553286 296.0
1650553287 300.0
1650553288 302.0
1650553289 302.0
1650553290 304.0
1650553291 311.0
1650553292 316.0
1650553293 316.0
1650553294 322.0
1650553295 327.0
1650553296 332.0
1650553297 332.0
1650553298 335.0
1650553299 341.0
1650553300 341.0
1650553301 346.0
1650553302 350.0
1650553303 353.0
1650553304 353.0
1650553305 356.0
1650553306 361.0
1650553307 368.0
1650553308 368.0
1650553309 374.0
1650553310 381.0
1650553311 387.0
1650553312 387.0
1650553313 391.0
1650553314 395.0
1650553315 401.0
1650553316 401.0
1650553317 406.0
1650553318 410.0
1650553319 416.0
1650553320 416.0
1650553321 422.0
1650553322 426.0
1650553323 426.0
1650553324 430.0
1650553325 435.0
1650553326 439.0
1650553327 439.0
1650553328 443.0
1650553329 445.0
1650553330 447.0
1650553331 447.0
1650553332 None
1650553333 None
1650553334 None
