1650380341 234.0
1650380342 234.0
1650380343 234.0
1650380344 234.0
1650380345 234.0
1650380346 234.0
1650380347 234.0
1650380348 234.0
1650380349 234.0
1650380350 234.0
1650380351 234.0
1650380352 234.0
1650380353 234.0
1650380354 234.0
1650380355 234.0
1650380356 234.0
1650380357 234.0
1650380358 234.0
1650380359 234.0
1650380360 234.0
1650380361 234.0
1650380362 234.0
1650380363 234.0
1650380364 234.0
1650380365 234.0
1650380366 234.0
1650380367 234.0
1650380368 234.0
1650380369 234.0
1650380370 234.0
1650380371 234.0
1650380372 234.0
1650380373 234.0
1650380374 234.0
1650380375 234.0
1650380376 234.0
1650380377 234.0
1650380378 234.0
1650380379 234.0
1650380380 234.0
1650380381 234.0
1650380382 234.0
1650380383 234.0
1650380384 234.0
1650380385 234.0
1650380386 234.0
1650380387 234.0
1650380388 234.0
1650380389 234.0
1650380390 234.0
1650380391 234.0
1650380392 234.0
1650380393 234.0
1650380394 234.0
1650380395 234.0
1650380396 234.0
1650380397 234.0
1650380398 234.0
1650380399 234.0
1650380400 234.0
1650380401 234.0
1650380402 234.0
1650380403 234.0
1650380404 234.0
1650380405 234.0
1650380406 234.0
1650380407 234.0
1650380408 234.0
1650380409 234.0
1650380410 234.0
1650380411 234.0
1650380412 234.0
1650380413 234.0
1650380414 234.0
1650380415 234.0
1650380416 234.0
1650380417 234.0
1650380418 234.0
1650380419 234.0
1650380420 234.0
1650380421 234.0
1650380422 234.0
1650380423 234.0
1650380424 234.0
1650380425 234.0
1650380426 234.0
1650380427 234.0
1650380428 234.0
1650380429 234.0
1650380430 234.0
1650380431 234.0
1650380432 234.0
1650380433 234.0
1650380434 234.0
1650380435 234.0
1650380436 234.0
1650380437 234.0
1650380438 234.0
1650380439 234.0
1650380440 234.0
1650380441 234.0
1650380442 234.0
1650380443 234.0
1650380444 234.0
1650380445 234.0
1650380446 234.0
1650380447 234.0
1650380448 234.0
1650380449 234.0
1650380450 234.0
1650380451 234.0
1650380452 234.0
1650380453 234.0
1650380454 234.0
1650380455 234.0
1650380456 234.0
1650380457 234.0
1650380458 234.0
1650380459 None
1650380460 None
