1651135914 5797.0
1651135915 5797.0
1651135916 5797.0
1651135917 5797.0
1651135918 5797.0
1651135919 5797.0
1651135920 5797.0
1651135921 5797.0
1651135922 5797.0
1651135923 5797.0
1651135924 5797.0
1651135925 5797.0
1651135926 5797.0
1651135927 5797.0
1651135928 5797.0
1651135929 5797.0
1651135930 5797.0
1651135931 5797.0
1651135932 5797.0
1651135933 5797.0
1651135934 5797.0
1651135935 5797.0
1651135936 5797.0
1651135937 5797.0
1651135938 5797.0
1651135939 5797.0
1651135940 5797.0
1651135941 5797.0
1651135942 5797.0
1651135943 5797.0
1651135944 5797.0
1651135945 5797.0
1651135946 5797.0
1651135947 5797.0
1651135948 5797.0
1651135949 5797.0
1651135950 5797.0
1651135951 5797.0
1651135952 5797.0
1651135953 5797.0
1651135954 5797.0
1651135955 5797.0
1651135956 5797.0
1651135957 5797.0
1651135958 5797.0
1651135959 5797.0
1651135960 5797.0
1651135961 5797.0
1651135962 5797.0
1651135963 5797.0
1651135964 5797.0
1651135965 5797.0
1651135966 5797.0
1651135967 5797.0
1651135968 5797.0
1651135969 5797.0
1651135970 5797.0
1651135971 5797.0
1651135972 5797.0
1651135973 5797.0
1651135974 5797.0
1651135975 5797.0
1651135976 5797.0
1651135977 5797.0
1651135978 5797.0
1651135979 5797.0
1651135980 5797.0
1651135981 5797.0
1651135982 5797.0
1651135983 5797.0
1651135984 5797.0
1651135985 5797.0
1651135986 5797.0
1651135987 5797.0
1651135988 5797.0
1651135989 5797.0
1651135990 5797.0
1651135991 5797.0
1651135992 5797.0
1651135993 5797.0
1651135994 5797.0
1651135995 5797.0
1651135996 5797.0
1651135997 5797.0
1651135998 5797.0
1651135999 5797.0
1651136000 5797.0
1651136001 5797.0
1651136002 5797.0
1651136003 5797.0
1651136004 5797.0
1651136005 5797.0
1651136006 5797.0
1651136007 5797.0
1651136008 5797.0
1651136009 5797.0
1651136010 5797.0
1651136011 5797.0
1651136012 5797.0
1651136013 5797.0
1651136014 5797.0
1651136015 5797.0
1651136016 5797.0
1651136017 5797.0
1651136018 5797.0
1651136019 5797.0
1651136020 5797.0
1651136021 5797.0
1651136022 5797.0
1651136023 5797.0
1651136024 5797.0
1651136025 5797.0
1651136026 5797.0
1651136027 5797.0
1651136028 5797.0
1651136029 5797.0
1651136030 5797.0
1651136031 5797.0
1651136032 None
1651136033 None
