1653906956 1510.0
1653906957 1510.0
1653906958 1510.0
1653906959 1510.0
1653906960 1510.0
1653906961 1510.0
1653906962 1510.0
1653906963 1510.0
1653906964 1510.0
1653906965 1510.0
1653906966 1510.0
1653906967 1510.0
1653906968 1510.0
1653906969 1510.0
1653906970 1510.0
1653906971 1510.0
1653906972 1510.0
1653906973 1510.0
1653906974 1510.0
1653906975 1510.0
1653906976 1510.0
1653906977 1510.0
1653906978 1510.0
1653906979 1510.0
1653906980 1510.0
1653906981 1510.0
1653906982 1510.0
1653906983 1510.0
1653906984 1510.0
1653906985 1510.0
1653906986 1510.0
1653906987 1510.0
1653906988 1510.0
1653906989 1510.0
1653906990 1510.0
1653906991 1510.0
1653906992 1510.0
1653906993 1510.0
1653906994 1510.0
1653906995 1510.0
1653906996 1510.0
1653906997 1510.0
1653906998 1510.0
1653906999 1510.0
1653907000 1510.0
1653907001 1510.0
1653907002 1510.0
1653907003 1510.0
1653907004 1510.0
1653907005 1510.0
1653907006 1510.0
1653907007 1510.0
1653907008 1510.0
1653907009 1510.0
1653907010 1510.0
1653907011 1510.0
1653907012 1510.0
1653907013 1510.0
1653907014 1510.0
1653907015 1510.0
1653907016 1510.0
1653907017 1510.0
1653907018 1510.0
1653907019 1510.0
1653907020 1510.0
1653907021 1510.0
1653907022 1510.0
1653907023 1510.0
1653907024 1510.0
1653907025 1510.0
1653907026 1510.0
1653907027 1510.0
1653907028 1510.0
1653907029 1510.0
1653907030 1510.0
1653907031 1510.0
1653907032 1510.0
1653907033 1510.0
1653907034 1510.0
1653907035 1510.0
1653907036 1510.0
1653907037 1510.0
1653907038 1510.0
1653907039 1510.0
1653907040 1510.0
1653907041 1510.0
1653907042 1510.0
1653907043 1510.0
1653907044 1510.0
1653907045 1510.0
1653907046 1510.0
1653907047 1510.0
1653907048 1510.0
1653907049 1510.0
1653907050 1510.0
1653907051 1510.0
1653907052 1510.0
1653907053 1510.0
1653907054 1510.0
1653907055 1510.0
1653907056 1510.0
1653907057 1510.0
1653907058 1510.0
1653907059 1510.0
1653907060 1510.0
1653907061 1510.0
1653907062 1510.0
1653907063 1510.0
1653907064 1510.0
1653907065 1510.0
1653907066 1510.0
1653907067 1510.0
1653907068 1510.0
1653907069 1510.0
1653907070 1510.0
1653907071 1510.0
1653907072 1510.0
1653907073 1510.0
1653907074 None
1653907075 None
