1652216188 1493.0
1652216189 1493.0
1652216190 1493.0
1652216191 1493.0
1652216192 1493.0
1652216193 1493.0
1652216194 1493.0
1652216195 1493.0
1652216196 1493.0
1652216197 1493.0
1652216198 1493.0
1652216199 1493.0
1652216200 1493.0
1652216201 1493.0
1652216202 1493.0
1652216203 1493.0
1652216204 1493.0
1652216205 1493.0
1652216206 1493.0
1652216207 1493.0
1652216208 1493.0
1652216209 1493.0
1652216210 1493.0
1652216211 1493.0
1652216212 1493.0
1652216213 1493.0
1652216214 1493.0
1652216215 1493.0
1652216216 1493.0
1652216217 1493.0
1652216218 1493.0
1652216219 1493.0
1652216220 1493.0
1652216221 1493.0
1652216222 1493.0
1652216223 1493.0
1652216224 1493.0
1652216225 1493.0
1652216226 1493.0
1652216227 1493.0
1652216228 1493.0
1652216229 1493.0
1652216230 1493.0
1652216231 1493.0
1652216232 1493.0
1652216233 1493.0
1652216234 1493.0
1652216235 1493.0
1652216236 1493.0
1652216237 1493.0
1652216238 1493.0
1652216239 1493.0
1652216240 1493.0
1652216241 1493.0
1652216242 1493.0
1652216243 1493.0
1652216244 1493.0
1652216245 1493.0
1652216246 1493.0
1652216247 1493.0
1652216248 1493.0
1652216249 1493.0
1652216250 1493.0
1652216251 1493.0
1652216252 1493.0
1652216253 1493.0
1652216254 1493.0
1652216255 1493.0
1652216256 1493.0
1652216257 1493.0
1652216258 1493.0
1652216259 1493.0
1652216260 1493.0
1652216261 1493.0
1652216262 1493.0
1652216263 1493.0
1652216264 1493.0
1652216265 1493.0
1652216266 1493.0
1652216267 1493.0
1652216268 1493.0
1652216269 1493.0
1652216270 1493.0
1652216271 1493.0
1652216272 1493.0
1652216273 1493.0
1652216274 1493.0
1652216275 1493.0
1652216276 1493.0
1652216277 1493.0
1652216278 1493.0
1652216279 1493.0
1652216280 1493.0
1652216281 1493.0
1652216282 1493.0
1652216283 1493.0
1652216284 1493.0
1652216285 1493.0
1652216286 1493.0
1652216287 1493.0
1652216288 1493.0
1652216289 1493.0
1652216290 1493.0
1652216291 1493.0
1652216292 1493.0
1652216293 1493.0
1652216294 1493.0
1652216295 1493.0
1652216296 1493.0
1652216297 1493.0
1652216298 1493.0
1652216299 1493.0
1652216300 1493.0
1652216301 1493.0
1652216302 1493.0
1652216303 1493.0
1652216304 1493.0
1652216305 1493.0
1652216306 None
1652216307 None
