1650534454 38.0
1650534455 38.0
1650534456 40.0
1650534457 42.0
1650534458 42.0
1650534459 45.0
1650534460 49.0
1650534461 53.0
1650534462 53.0
1650534463 57.0
1650534464 60.0
1650534465 64.0
1650534466 64.0
1650534467 67.0
1650534468 72.0
1650534469 76.0
1650534470 76.0
1650534471 82.0
1650534472 85.0
1650534473 85.0
1650534474 90.0
1650534475 95.0
1650534476 97.0
1650534477 97.0
1650534478 102.0
1650534479 108.0
1650534480 112.0
1650534481 112.0
1650534482 117.0
1650534483 120.0
1650534484 120.0
1650534485 123.0
1650534486 128.0
1650534487 132.0
1650534488 132.0
1650534489 134.0
1650534490 137.0
1650534491 140.0
1650534492 140.0
1650534493 145.0
1650534494 148.0
1650534495 153.0
1650534496 153.0
1650534497 158.0
1650534498 163.0
1650534499 164.0
1650534500 164.0
1650534501 168.0
1650534502 170.0
1650534503 170.0
1650534504 175.0
1650534505 178.0
1650534506 181.0
1650534507 181.0
1650534508 183.0
1650534509 187.0
1650534510 192.0
1650534511 192.0
1650534512 197.0
1650534513 201.0
1650534514 201.0
1650534515 204.0
1650534516 208.0
1650534517 213.0
1650534518 213.0
1650534519 216.0
1650534520 222.0
1650534521 228.0
1650534522 228.0
1650534523 233.0
1650534524 236.0
1650534525 238.0
1650534526 238.0
1650534527 242.0
1650534528 245.0
1650534529 251.0
1650534530 251.0
1650534531 253.0
1650534532 258.0
1650534533 258.0
1650534534 263.0
1650534535 269.0
1650534536 272.0
1650534537 272.0
1650534538 276.0
1650534539 282.0
1650534540 285.0
1650534541 285.0
1650534542 285.0
1650534543 289.0
1650534544 290.0
1650534545 290.0
1650534546 295.0
1650534547 299.0
1650534548 305.0
1650534549 305.0
1650534550 311.0
1650534551 315.0
1650534552 315.0
1650534553 317.0
1650534554 320.0
1650534555 327.0
1650534556 327.0
1650534557 331.0
1650534558 336.0
1650534559 339.0
1650534560 339.0
1650534561 342.0
1650534562 348.0
1650534563 350.0
1650534564 350.0
1650534565 353.0
1650534566 355.0
1650534567 358.0
1650534568 358.0
1650534569 364.0
1650534570 364.0
1650534571 364.0
1650534572 None
1650534573 None
