1651074641 3026.0
1651074642 3026.0
1651074643 3026.0
1651074644 3026.0
1651074645 3026.0
1651074646 3026.0
1651074647 3026.0
1651074648 3026.0
1651074649 3026.0
1651074650 3026.0
1651074651 3026.0
1651074652 3026.0
1651074653 3026.0
1651074654 3026.0
1651074655 3026.0
1651074656 3026.0
1651074657 3026.0
1651074658 3026.0
1651074659 3026.0
1651074660 3026.0
1651074661 3026.0
1651074662 3026.0
1651074663 3026.0
1651074664 3026.0
1651074665 3026.0
1651074666 3026.0
1651074667 3026.0
1651074668 3026.0
1651074669 3026.0
1651074670 3026.0
1651074671 3026.0
1651074672 3026.0
1651074673 3026.0
1651074674 3026.0
1651074675 3026.0
1651074676 3026.0
1651074677 3026.0
1651074678 3026.0
1651074679 3026.0
1651074680 3026.0
1651074681 3026.0
1651074682 3026.0
1651074683 3026.0
1651074684 3026.0
1651074685 3026.0
1651074686 3026.0
1651074687 3026.0
1651074688 3026.0
1651074689 3026.0
1651074690 3026.0
1651074691 3026.0
1651074692 3026.0
1651074693 3026.0
1651074694 3026.0
1651074695 3026.0
1651074696 3026.0
1651074697 3026.0
1651074698 3026.0
1651074699 3026.0
1651074700 3026.0
1651074701 3026.0
1651074702 3026.0
1651074703 3026.0
1651074704 3026.0
1651074705 3026.0
1651074706 3026.0
1651074707 3026.0
1651074708 3026.0
1651074709 3026.0
1651074710 3026.0
1651074711 3026.0
1651074712 3026.0
1651074713 3026.0
1651074714 3026.0
1651074715 3026.0
1651074716 3026.0
1651074717 3026.0
1651074718 3026.0
1651074719 3026.0
1651074720 3026.0
1651074721 3026.0
1651074722 3026.0
1651074723 3026.0
1651074724 3026.0
1651074725 3026.0
1651074726 3026.0
1651074727 3026.0
1651074728 3026.0
1651074729 3026.0
1651074730 3026.0
1651074731 3026.0
1651074732 3026.0
1651074733 3026.0
1651074734 3026.0
1651074735 3026.0
1651074736 3026.0
1651074737 3026.0
1651074738 3026.0
1651074739 3026.0
1651074740 3026.0
1651074741 3026.0
1651074742 3026.0
1651074743 3026.0
1651074744 3026.0
1651074745 3026.0
1651074746 3026.0
1651074747 3026.0
1651074748 3026.0
1651074749 3026.0
1651074750 3026.0
1651074751 3026.0
1651074752 3026.0
1651074753 3026.0
1651074754 3026.0
1651074755 3026.0
1651074756 3026.0
1651074757 3026.0
1651074758 None
1651074759 None
1651074760 None
