1650380341 1336.0
1650380342 1336.0
1650380343 1336.0
1650380344 1336.0
1650380345 1336.0
1650380346 1336.0
1650380347 1336.0
1650380348 1336.0
1650380349 1336.0
1650380350 1336.0
1650380351 1336.0
1650380352 1336.0
1650380353 1336.0
1650380354 1336.0
1650380355 1336.0
1650380356 1336.0
1650380357 1336.0
1650380358 1336.0
1650380359 1336.0
1650380360 1336.0
1650380361 1336.0
1650380362 1336.0
1650380363 1336.0
1650380364 1336.0
1650380365 1336.0
1650380366 1336.0
1650380367 1336.0
1650380368 1336.0
1650380369 1336.0
1650380370 1336.0
1650380371 1336.0
1650380372 1336.0
1650380373 1336.0
1650380374 1336.0
1650380375 1336.0
1650380376 1336.0
1650380377 1336.0
1650380378 1336.0
1650380379 1336.0
1650380380 1336.0
1650380381 1336.0
1650380382 1336.0
1650380383 1336.0
1650380384 1336.0
1650380385 1336.0
1650380386 1336.0
1650380387 1336.0
1650380388 1336.0
1650380389 1336.0
1650380390 1336.0
1650380391 1336.0
1650380392 1336.0
1650380393 1336.0
1650380394 1336.0
1650380395 1336.0
1650380396 1336.0
1650380397 1336.0
1650380398 1336.0
1650380399 1336.0
1650380400 1336.0
1650380401 1336.0
1650380402 1336.0
1650380403 1336.0
1650380404 1336.0
1650380405 1336.0
1650380406 1336.0
1650380407 1336.0
1650380408 1336.0
1650380409 1336.0
1650380410 1336.0
1650380411 1336.0
1650380412 1336.0
1650380413 1336.0
1650380414 1336.0
1650380415 1336.0
1650380416 1336.0
1650380417 1336.0
1650380418 1336.0
1650380419 1336.0
1650380420 1336.0
1650380421 1336.0
1650380422 1336.0
1650380423 1336.0
1650380424 1336.0
1650380425 1336.0
1650380426 1336.0
1650380427 1336.0
1650380428 1336.0
1650380429 1336.0
1650380430 1336.0
1650380431 1336.0
1650380432 1336.0
1650380433 1336.0
1650380434 1336.0
1650380435 1336.0
1650380436 1336.0
1650380437 1336.0
1650380438 1336.0
1650380439 1336.0
1650380440 1336.0
1650380441 1336.0
1650380442 1336.0
1650380443 1336.0
1650380444 1336.0
1650380445 1336.0
1650380446 1336.0
1650380447 1336.0
1650380448 1336.0
1650380449 1336.0
1650380450 1336.0
1650380451 1336.0
1650380452 1336.0
1650380453 1336.0
1650380454 1336.0
1650380455 1336.0
1650380456 1336.0
1650380457 1336.0
1650380458 1336.0
1650380459 None
1650380460 None
