1651135914 44.0
1651135915 51.0
1651135916 58.0
1651135917 58.0
1651135918 65.0
1651135919 72.0
1651135920 81.0
1651135921 81.0
1651135922 87.0
1651135923 92.0
1651135924 97.0
1651135925 97.0
1651135926 105.0
1651135927 110.0
1651135928 117.0
1651135929 117.0
1651135930 123.0
1651135931 132.0
1651135932 132.0
1651135933 140.0
1651135934 146.0
1651135935 153.0
1651135936 153.0
1651135937 159.0
1651135938 165.0
1651135939 172.0
1651135940 172.0
1651135941 178.0
1651135942 184.0
1651135943 189.0
1651135944 189.0
1651135945 197.0
1651135946 205.0
1651135947 205.0
1651135948 210.0
1651135949 215.0
1651135950 223.0
1651135951 223.0
1651135952 229.0
1651135953 235.0
1651135954 242.0
1651135955 242.0
1651135956 249.0
1651135957 255.0
1651135958 262.0
1651135959 262.0
1651135960 267.0
1651135961 272.0
1651135962 272.0
1651135963 278.0
1651135964 285.0
1651135965 290.0
1651135966 290.0
1651135967 300.0
1651135968 306.0
1651135969 314.0
1651135970 314.0
1651135971 321.0
1651135972 326.0
1651135973 328.0
1651135974 328.0
1651135975 335.0
1651135976 344.0
1651135977 344.0
1651135978 352.0
1651135979 359.0
1651135980 363.0
1651135981 363.0
1651135982 367.0
1651135983 371.0
1651135984 376.0
1651135985 376.0
1651135986 381.0
1651135987 386.0
1651135988 392.0
1651135989 392.0
1651135990 400.0
1651135991 408.0
1651135992 413.0
1651135993 413.0
1651135994 419.0
1651135995 426.0
1651135996 426.0
1651135997 433.0
1651135998 441.0
1651135999 449.0
1651136000 449.0
1651136001 455.0
1651136002 462.0
1651136003 470.0
1651136004 470.0
1651136005 477.0
1651136006 487.0
1651136007 492.0
1651136008 492.0
1651136009 495.0
1651136010 503.0
1651136011 511.0
1651136012 511.0
1651136013 514.0
1651136014 519.0
1651136015 519.0
1651136016 522.0
1651136017 528.0
1651136018 532.0
1651136019 532.0
1651136020 538.0
1651136021 546.0
1651136022 552.0
1651136023 552.0
1651136024 557.0
1651136025 564.0
1651136026 572.0
1651136027 572.0
1651136028 577.0
1651136029 585.0
1651136030 585.0
1651136031 585.0
1651136032 None
1651136033 None
