1653302364 39.0
1653302365 39.0
1653302366 39.0
1653302367 39.0
1653302368 39.0
1653302369 39.0
1653302370 39.0
1653302371 39.0
1653302372 39.0
1653302373 39.0
1653302374 39.0
1653302375 39.0
1653302376 39.0
1653302377 39.0
1653302378 39.0
1653302379 39.0
1653302380 39.0
1653302381 39.0
1653302382 39.0
1653302383 39.0
1653302384 39.0
1653302385 39.0
1653302386 39.0
1653302387 39.0
1653302388 39.0
1653302389 39.0
1653302390 39.0
1653302391 39.0
1653302392 39.0
1653302393 39.0
1653302394 39.0
1653302395 39.0
1653302396 39.0
1653302397 39.0
1653302398 39.0
1653302399 39.0
1653302400 39.0
1653302401 39.0
1653302402 39.0
1653302403 39.0
1653302404 39.0
1653302405 39.0
1653302406 39.0
1653302407 39.0
1653302408 39.0
1653302409 39.0
1653302410 39.0
1653302411 39.0
1653302412 39.0
1653302413 39.0
1653302414 39.0
1653302415 39.0
1653302416 39.0
1653302417 39.0
1653302418 39.0
1653302419 39.0
1653302420 39.0
1653302421 39.0
1653302422 39.0
1653302423 39.0
1653302424 39.0
1653302425 39.0
1653302426 39.0
1653302427 39.0
1653302428 39.0
1653302429 39.0
1653302430 39.0
1653302431 39.0
1653302432 39.0
1653302433 39.0
1653302434 39.0
1653302435 39.0
1653302436 39.0
1653302437 39.0
1653302438 39.0
1653302439 39.0
1653302440 39.0
1653302441 39.0
1653302442 39.0
1653302443 39.0
1653302444 39.0
1653302445 39.0
1653302446 39.0
1653302447 39.0
1653302448 39.0
1653302449 39.0
1653302450 39.0
1653302451 39.0
1653302452 39.0
1653302453 39.0
1653302454 39.0
1653302455 39.0
1653302456 39.0
1653302457 39.0
1653302458 39.0
1653302459 39.0
1653302460 39.0
1653302461 39.0
1653302462 39.0
1653302463 39.0
1653302464 39.0
1653302465 39.0
1653302466 39.0
1653302467 39.0
1653302468 39.0
1653302469 39.0
1653302470 39.0
1653302471 39.0
1653302472 39.0
1653302473 39.0
1653302474 39.0
1653302475 39.0
1653302476 39.0
1653302477 39.0
1653302478 39.0
1653302479 39.0
1653302480 39.0
1653302481 39.0
1653302482 None
1653302483 None
