1652084879 2685.0
1652084880 2685.0
1652084881 2685.0
1652084882 2685.0
1652084883 2685.0
1652084884 2685.0
1652084885 2685.0
1652084886 2685.0
1652084887 2685.0
1652084888 2685.0
1652084889 2685.0
1652084890 2685.0
1652084891 2685.0
1652084892 2685.0
1652084893 2685.0
1652084894 2685.0
1652084895 2685.0
1652084896 2685.0
1652084897 2685.0
1652084898 2685.0
1652084899 2685.0
1652084900 2685.0
1652084901 2685.0
1652084902 2685.0
1652084903 2685.0
1652084904 2685.0
1652084905 2685.0
1652084906 2685.0
1652084907 2685.0
1652084908 2685.0
1652084909 2685.0
1652084910 2685.0
1652084911 2685.0
1652084912 2685.0
1652084913 2685.0
1652084914 2685.0
1652084915 2685.0
1652084916 2685.0
1652084917 2685.0
1652084918 2685.0
1652084919 2685.0
1652084920 2685.0
1652084921 2685.0
1652084922 2685.0
1652084923 2685.0
1652084924 2685.0
1652084925 2685.0
1652084926 2685.0
1652084927 2685.0
1652084928 2685.0
1652084929 2685.0
1652084930 2685.0
1652084931 2685.0
1652084932 2685.0
1652084933 2685.0
1652084934 2685.0
1652084935 2685.0
1652084936 2685.0
1652084937 2685.0
1652084938 2685.0
1652084939 2685.0
1652084940 2685.0
1652084941 2685.0
1652084942 2685.0
1652084943 2685.0
1652084944 2685.0
1652084945 2685.0
1652084946 2685.0
1652084947 2685.0
1652084948 2685.0
1652084949 2685.0
1652084950 2685.0
1652084951 2685.0
1652084952 2685.0
1652084953 2685.0
1652084954 2685.0
1652084955 2685.0
1652084956 2685.0
1652084957 2685.0
1652084958 2685.0
1652084959 2685.0
1652084960 2685.0
1652084961 2685.0
1652084962 2685.0
1652084963 2685.0
1652084964 2685.0
1652084965 2685.0
1652084966 2685.0
1652084967 2685.0
1652084968 2685.0
1652084969 2685.0
1652084970 2685.0
1652084971 2685.0
1652084972 2685.0
1652084973 2685.0
1652084974 2685.0
1652084975 2685.0
1652084976 2685.0
1652084977 2685.0
1652084978 2685.0
1652084979 2685.0
1652084980 2685.0
1652084981 2685.0
1652084982 2685.0
1652084983 2685.0
1652084984 2685.0
1652084985 2685.0
1652084986 2685.0
1652084987 2685.0
1652084988 2685.0
1652084989 2685.0
1652084990 2685.0
1652084991 2685.0
1652084992 2685.0
1652084993 2685.0
1652084994 2685.0
1652084995 2685.0
1652084996 2685.0
1652084997 None
1652084998 None
