1652081227 54.0
1652081228 54.0
1652081229 54.0
1652081230 54.0
1652081231 54.0
1652081232 54.0
1652081233 54.0
1652081234 54.0
1652081235 54.0
1652081236 54.0
1652081237 54.0
1652081238 54.0
1652081239 54.0
1652081240 54.0
1652081241 54.0
1652081242 54.0
1652081243 54.0
1652081244 54.0
1652081245 54.0
1652081246 54.0
1652081247 54.0
1652081248 54.0
1652081249 54.0
1652081250 54.0
1652081251 54.0
1652081252 54.0
1652081253 54.0
1652081254 54.0
1652081255 54.0
1652081256 54.0
1652081257 54.0
1652081258 54.0
1652081259 54.0
1652081260 54.0
1652081261 54.0
1652081262 54.0
1652081263 54.0
1652081264 54.0
1652081265 54.0
1652081266 54.0
1652081267 54.0
1652081268 54.0
1652081269 54.0
1652081270 54.0
1652081271 54.0
1652081272 54.0
1652081273 54.0
1652081274 54.0
1652081275 54.0
1652081276 54.0
1652081277 54.0
1652081278 54.0
1652081279 54.0
1652081280 54.0
1652081281 54.0
1652081282 54.0
1652081283 54.0
1652081284 54.0
1652081285 54.0
1652081286 54.0
