1651653064 1.0
1651653065 1.0
1651653066 1.0
1651653067 1.0
1651653068 1.0
1651653069 1.0
1651653070 1.0
1651653071 1.0
1651653072 1.0
1651653073 1.0
1651653074 2.0
1651653075 2.0
1651653076 2.0
1651653077 2.0
1651653078 3.0
1651653079 3.0
1651653080 3.0
1651653081 3.0
1651653082 4.0
1651653083 4.0
1651653084 4.0
1651653085 4.0
1651653086 4.0
1651653087 4.0
1651653088 4.0
1651653089 5.0
1651653090 5.0
1651653091 5.0
1651653092 5.0
1651653093 5.0
1651653094 5.0
1651653095 5.0
1651653096 6.0
1651653097 6.0
1651653098 6.0
1651653099 6.0
1651653100 6.0
1651653101 7.0
1651653102 7.0
1651653103 7.0
1651653104 8.0
1651653105 8.0
1651653106 8.0
1651653107 9.0
1651653108 9.0
1651653109 9.0
1651653110 9.0
1651653111 9.0
1651653112 10.0
1651653113 10.0
1651653114 10.0
1651653115 10.0
1651653116 11.0
1651653117 11.0
1651653118 11.0
1651653119 12.0
1651653120 12.0
1651653121 12.0
1651653122 None
1651653123 None
