1652212857 1.0
1652212858 1.0
1652212859 1.0
1652212860 1.0
1652212861 1.0
1652212862 1.0
1652212863 1.0
1652212864 2.0
1652212865 2.0
1652212866 2.0
1652212867 2.0
1652212868 2.0
1652212869 2.0
1652212870 2.0
1652212871 2.0
1652212872 2.0
1652212873 3.0
1652212874 3.0
1652212875 3.0
1652212876 3.0
1652212877 3.0
1652212878 3.0
1652212879 3.0
1652212880 3.0
1652212881 4.0
1652212882 4.0
1652212883 4.0
1652212884 4.0
1652212885 4.0
1652212886 4.0
1652212887 4.0
1652212888 4.0
1652212889 4.0
1652212890 4.0
1652212891 5.0
1652212892 5.0
1652212893 5.0
1652212894 5.0
1652212895 5.0
1652212896 5.0
1652212897 6.0
1652212898 6.0
1652212899 6.0
1652212900 6.0
1652212901 7.0
1652212902 7.0
1652212903 7.0
1652212904 7.0
1652212905 7.0
1652212906 7.0
1652212907 8.0
1652212908 8.0
1652212909 8.0
1652212910 8.0
1652212911 9.0
1652212912 9.0
1652212913 9.0
1652212914 10.0
1652212915 10.0
1652212916 None
