1653903744 2017.0
1653903745 2017.0
1653903746 2017.0
1653903747 2017.0
1653903748 2017.0
1653903749 2017.0
1653903750 2015.0
1653903751 2015.0
1653903752 2015.0
1653903753 2015.0
1653903754 2015.0
1653903755 2015.0
1653903756 2015.0
1653903757 2015.0
1653903758 2015.0
1653903759 2015.0
1653903760 2015.0
1653903761 2015.0
1653903762 2015.0
1653903763 2015.0
1653903764 2015.0
1653903765 2015.0
1653903766 2015.0
1653903767 2015.0
1653903768 2015.0
1653903769 2015.0
1653903770 2015.0
1653903771 2015.0
1653903772 2015.0
1653903773 2015.0
1653903774 2015.0
1653903775 2015.0
1653903776 2015.0
1653903777 2015.0
1653903778 2015.0
1653903779 2015.0
1653903780 2015.0
1653903781 2015.0
1653903782 2015.0
1653903783 2015.0
1653903784 2015.0
1653903785 2015.0
1653903786 2015.0
1653903787 2015.0
1653903788 2015.0
1653903789 2015.0
1653903790 2015.0
1653903791 2015.0
1653903792 2015.0
1653903793 2015.0
1653903794 2015.0
1653903795 2015.0
1653903796 2015.0
1653903797 2015.0
1653903798 2015.0
1653903799 2015.0
1653903800 2015.0
1653903801 2015.0
1653903802 None
1653903803 None
