1651505731 23540.0
1651505732 23540.0
1651505733 23540.0
1651505734 23540.0
1651505735 23540.0
1651505736 23540.0
1651505737 23540.0
1651505738 23540.0
1651505739 23540.0
1651505740 23540.0
1651505741 23540.0
1651505742 23540.0
1651505743 23540.0
1651505744 23540.0
1651505745 23540.0
1651505746 23540.0
1651505747 23540.0
1651505748 23540.0
1651505749 23540.0
1651505750 23540.0
1651505751 23540.0
1651505752 23540.0
1651505753 23540.0
1651505754 23540.0
1651505755 23540.0
1651505756 23540.0
1651505757 23540.0
1651505758 23540.0
1651505759 23540.0
1651505760 23540.0
1651505761 23540.0
1651505762 23540.0
1651505763 23540.0
1651505764 23540.0
1651505765 23540.0
1651505766 23540.0
1651505767 23540.0
1651505768 23540.0
1651505769 23540.0
1651505770 23540.0
1651505771 23540.0
1651505772 23540.0
1651505773 23540.0
1651505774 23540.0
1651505775 23540.0
1651505776 23540.0
1651505777 23540.0
1651505778 23540.0
1651505779 23540.0
1651505780 23540.0
1651505781 23540.0
1651505782 23540.0
1651505783 23540.0
1651505784 23540.0
1651505785 23540.0
1651505786 23540.0
1651505787 23540.0
1651505788 23540.0
1651505789 23540.0
1651505790 None
