1652687528 1502.0
1652687529 1502.0
1652687530 1502.0
1652687531 1502.0
1652687532 1502.0
1652687533 1502.0
1652687534 1502.0
1652687535 1506.0
1652687536 1506.0
1652687537 1506.0
1652687538 1506.0
1652687539 1506.0
1652687540 1506.0
1652687541 1506.0
1652687542 1506.0
1652687543 1506.0
1652687544 1506.0
1652687545 1506.0
1652687546 1506.0
1652687547 1506.0
1652687548 1506.0
1652687549 1506.0
1652687550 1506.0
1652687551 1506.0
1652687552 1506.0
1652687553 1506.0
1652687554 1506.0
1652687555 1506.0
1652687556 1506.0
1652687557 1506.0
1652687558 1506.0
1652687559 1506.0
1652687560 1506.0
1652687561 1506.0
1652687562 1506.0
1652687563 1506.0
1652687564 1506.0
1652687565 1506.0
1652687566 1506.0
1652687567 1506.0
1652687568 1506.0
1652687569 1506.0
1652687570 1506.0
1652687571 1506.0
1652687572 1506.0
1652687573 1506.0
1652687574 1506.0
1652687575 1506.0
1652687576 1506.0
1652687577 1506.0
1652687578 1506.0
1652687579 1506.0
1652687580 1506.0
1652687581 1506.0
1652687582 1506.0
1652687583 1506.0
1652687584 1506.0
1652687585 1506.0
1652687586 1506.0
1652687587 None
