1652190105 1881.0
1652190106 1881.0
1652190107 1881.0
1652190108 1881.0
1652190109 1881.0
1652190110 1881.0
1652190111 1881.0
1652190112 1888.0
1652190113 1888.0
1652190114 1888.0
1652190115 1888.0
1652190116 1888.0
1652190117 1888.0
1652190118 1888.0
1652190119 1888.0
1652190120 1888.0
1652190121 1888.0
1652190122 1888.0
1652190123 1888.0
1652190124 1888.0
1652190125 1888.0
1652190126 1888.0
1652190127 1888.0
1652190128 1888.0
1652190129 1888.0
1652190130 1888.0
1652190131 1888.0
1652190132 1888.0
1652190133 1888.0
1652190134 1888.0
1652190135 1888.0
1652190136 1888.0
1652190137 1888.0
1652190138 1888.0
1652190139 1888.0
1652190140 1888.0
1652190141 1888.0
1652190142 1888.0
1652190143 1888.0
1652190144 1888.0
1652190145 1888.0
1652190146 1888.0
1652190147 1888.0
1652190148 1888.0
1652190149 1888.0
1652190150 1888.0
1652190151 1888.0
1652190152 1888.0
1652190153 1888.0
1652190154 1888.0
1652190155 1888.0
1652190156 1888.0
1652190157 1888.0
1652190158 1888.0
1652190159 1888.0
1652190160 1888.0
1652190161 1888.0
1652190162 1888.0
1652190163 1888.0
1652190164 None
