1653300150 814.0
1653300151 814.0
1653300152 814.0
1653300153 814.0
1653300154 814.0
1653300155 814.0
1653300156 814.0
1653300157 814.0
1653300158 814.0
1653300159 814.0
1653300160 814.0
1653300161 814.0
1653300162 814.0
1653300163 814.0
1653300164 814.0
1653300165 814.0
1653300166 814.0
1653300167 814.0
1653300168 814.0
1653300169 814.0
1653300170 814.0
1653300171 814.0
1653300172 814.0
1653300173 814.0
1653300174 814.0
1653300175 814.0
1653300176 814.0
1653300177 814.0
1653300178 814.0
1653300179 814.0
1653300180 814.0
1653300181 814.0
1653300182 814.0
1653300183 814.0
1653300184 814.0
1653300185 814.0
1653300186 814.0
1653300187 814.0
1653300188 814.0
1653300189 814.0
1653300190 814.0
1653300191 814.0
1653300192 814.0
1653300193 814.0
1653300194 814.0
1653300195 814.0
1653300196 814.0
1653300197 814.0
1653300198 814.0
1653300199 814.0
1653300200 814.0
1653300201 814.0
1653300202 814.0
1653300203 814.0
1653300204 814.0
1653300205 814.0
1653300206 814.0
1653300207 814.0
1653300208 814.0
1653300209 None
