1653300150 1744.0
1653300151 1744.0
1653300152 1744.0
1653300153 1744.0
1653300154 1744.0
1653300155 1744.0
1653300156 1744.0
1653300157 1744.0
1653300158 1744.0
1653300159 1744.0
1653300160 1744.0
1653300161 1744.0
1653300162 1744.0
1653300163 1744.0
1653300164 1744.0
1653300165 1744.0
1653300166 1744.0
1653300167 1744.0
1653300168 1744.0
1653300169 1744.0
1653300170 1744.0
1653300171 1744.0
1653300172 1744.0
1653300173 1744.0
1653300174 1744.0
1653300175 1744.0
1653300176 1744.0
1653300177 1744.0
1653300178 1744.0
1653300179 1744.0
1653300180 1744.0
1653300181 1744.0
1653300182 1744.0
1653300183 1744.0
1653300184 1744.0
1653300185 1744.0
1653300186 1744.0
1653300187 1744.0
1653300188 1744.0
1653300189 1744.0
1653300190 1744.0
1653300191 1744.0
1653300192 1744.0
1653300193 1744.0
1653300194 1744.0
1653300195 1744.0
1653300196 1744.0
1653300197 1744.0
1653300198 1744.0
1653300199 1744.0
1653300200 1744.0
1653300201 1744.0
1653300202 1744.0
1653300203 1744.0
1653300204 1744.0
1653300205 1744.0
1653300206 1744.0
1653300207 1744.0
1653300208 1744.0
1653300209 None
