1651653064 53289.0
1651653065 53289.0
1651653066 53289.0
1651653067 53289.0
1651653068 53289.0
1651653069 53289.0
1651653070 53286.0
1651653071 53286.0
1651653072 53286.0
1651653073 53286.0
1651653074 53286.0
1651653075 53286.0
1651653076 53286.0
1651653077 53286.0
1651653078 53286.0
1651653079 53286.0
1651653080 53286.0
1651653081 53286.0
1651653082 53286.0
1651653083 53286.0
1651653084 53286.0
1651653085 53286.0
1651653086 53286.0
1651653087 53286.0
1651653088 53286.0
1651653089 53286.0
1651653090 53286.0
1651653091 53286.0
1651653092 53286.0
1651653093 53286.0
1651653094 53286.0
1651653095 53286.0
1651653096 53286.0
1651653097 53286.0
1651653098 53286.0
1651653099 53286.0
1651653100 53286.0
1651653101 53286.0
1651653102 53286.0
1651653103 53286.0
1651653104 53286.0
1651653105 53286.0
1651653106 53286.0
1651653107 53286.0
1651653108 53286.0
1651653109 53286.0
1651653110 53286.0
1651653111 53286.0
1651653112 53286.0
1651653113 53286.0
1651653114 53286.0
1651653115 53286.0
1651653116 53286.0
1651653117 53286.0
1651653118 53286.0
1651653119 53286.0
1651653120 53286.0
1651653121 53286.0
1651653122 None
1651653123 None
