1651505731 1987.0
1651505732 1987.0
1651505733 1987.0
1651505734 1987.0
1651505735 1987.0
1651505736 1987.0
1651505737 1987.0
1651505738 1987.0
1651505739 1987.0
1651505740 1987.0
1651505741 1987.0
1651505742 1987.0
1651505743 1987.0
1651505744 1987.0
1651505745 1987.0
1651505746 1987.0
1651505747 1987.0
1651505748 1987.0
1651505749 1987.0
1651505750 1987.0
1651505751 1987.0
1651505752 1987.0
1651505753 1987.0
1651505754 1987.0
1651505755 1987.0
1651505756 1987.0
1651505757 1987.0
1651505758 1987.0
1651505759 1987.0
1651505760 1987.0
1651505761 1987.0
1651505762 1987.0
1651505763 1987.0
1651505764 1987.0
1651505765 1987.0
1651505766 1987.0
1651505767 1987.0
1651505768 1987.0
1651505769 1987.0
1651505770 1987.0
1651505771 1987.0
1651505772 1987.0
1651505773 1987.0
1651505774 1987.0
1651505775 1987.0
1651505776 1987.0
1651505777 1987.0
1651505778 1987.0
1651505779 1987.0
1651505780 1987.0
1651505781 1987.0
1651505782 1987.0
1651505783 1987.0
1651505784 1987.0
1651505785 1987.0
1651505786 1987.0
1651505787 1987.0
1651505788 1987.0
1651505789 1987.0
1651505790 None
