1651653064 4402.0
1651653065 4402.0
1651653066 4402.0
1651653067 4402.0
1651653068 4402.0
1651653069 4402.0
1651653070 4402.0
1651653071 4402.0
1651653072 4402.0
1651653073 4402.0
1651653074 4402.0
1651653075 4402.0
1651653076 4402.0
1651653077 4402.0
1651653078 4402.0
1651653079 4402.0
1651653080 4402.0
1651653081 4402.0
1651653082 4402.0
1651653083 4402.0
1651653084 4402.0
1651653085 4402.0
1651653086 4402.0
1651653087 4402.0
1651653088 4402.0
1651653089 4402.0
1651653090 4402.0
1651653091 4402.0
1651653092 4402.0
1651653093 4402.0
1651653094 4402.0
1651653095 4402.0
1651653096 4402.0
1651653097 4402.0
1651653098 4402.0
1651653099 4402.0
1651653100 4402.0
1651653101 4402.0
1651653102 4402.0
1651653103 4402.0
1651653104 4402.0
1651653105 4402.0
1651653106 4402.0
1651653107 4402.0
1651653108 4402.0
1651653109 4402.0
1651653110 4402.0
1651653111 4402.0
1651653112 4402.0
1651653113 4402.0
1651653114 4402.0
1651653115 4402.0
1651653116 4402.0
1651653117 4402.0
1651653118 4402.0
1651653119 4402.0
1651653120 4402.0
1651653121 4402.0
1651653122 None
1651653123 None
