1652081227 13.0
1652081228 14.0
1652081229 14.0
1652081230 14.0
1652081231 14.0
1652081232 14.0
1652081233 15.0
1652081234 15.0
1652081235 15.0
1652081236 16.0
1652081237 17.0
1652081238 17.0
1652081239 17.0
1652081240 17.0
1652081241 17.0
1652081242 17.0
1652081243 17.0
1652081244 17.0
1652081245 17.0
1652081246 17.0
1652081247 17.0
1652081248 17.0
1652081249 17.0
1652081250 17.0
1652081251 17.0
1652081252 17.0
1652081253 17.0
1652081254 18.0
1652081255 18.0
1652081256 18.0
1652081257 18.0
1652081258 18.0
1652081259 19.0
1652081260 19.0
1652081261 19.0
1652081262 19.0
1652081263 19.0
1652081264 19.0
1652081265 19.0
1652081266 20.0
1652081267 20.0
1652081268 20.0
1652081269 20.0
1652081270 21.0
1652081271 21.0
1652081272 21.0
1652081273 22.0
1652081274 22.0
1652081275 22.0
1652081276 22.0
1652081277 22.0
1652081278 23.0
1652081279 23.0
1652081280 24.0
1652081281 24.0
1652081282 24.0
1652081283 25.0
1652081284 25.0
1652081285 26.0
1652081286 26.0
