1652081227 10.0
1652081228 10.0
1652081229 10.0
1652081230 11.0
1652081231 12.0
1652081232 12.0
1652081233 13.0
1652081234 13.0
1652081235 14.0
1652081236 14.0
1652081237 14.0
1652081238 15.0
1652081239 16.0
1652081240 17.0
1652081241 17.0
1652081242 18.0
1652081243 19.0
1652081244 20.0
1652081245 21.0
1652081246 22.0
1652081247 23.0
1652081248 23.0
1652081249 23.0
1652081250 24.0
1652081251 25.0
1652081252 26.0
1652081253 26.0
1652081254 27.0
1652081255 27.0
1652081256 28.0
1652081257 28.0
1652081258 29.0
1652081259 29.0
1652081260 30.0
1652081261 31.0
1652081262 31.0
1652081263 32.0
1652081264 33.0
1652081265 33.0
1652081266 34.0
1652081267 35.0
1652081268 35.0
1652081269 36.0
1652081270 36.0
1652081271 37.0
1652081272 37.0
1652081273 37.0
1652081274 38.0
1652081275 39.0
1652081276 40.0
1652081277 40.0
1652081278 41.0
1652081279 42.0
1652081280 42.0
1652081281 42.0
1652081282 43.0
1652081283 43.0
1652081284 43.0
1652081285 43.0
1652081286 43.0
