1653903609 1827.0
1653903610 1827.0
1653903611 1827.0
1653903612 1827.0
1653903613 1827.0
1653903614 1827.0
1653903615 1827.0
1653903616 1834.0
1653903617 1834.0
1653903618 1834.0
1653903619 1834.0
1653903620 1834.0
1653903621 1834.0
1653903622 1834.0
1653903623 1834.0
1653903624 1834.0
1653903625 1834.0
1653903626 1834.0
1653903627 1834.0
1653903628 1834.0
1653903629 1834.0
1653903630 1834.0
1653903631 1834.0
1653903632 1834.0
1653903633 1834.0
1653903634 1834.0
1653903635 1834.0
1653903636 1834.0
1653903637 1834.0
1653903638 1834.0
1653903639 1834.0
1653903640 1834.0
1653903641 1834.0
1653903642 1834.0
1653903643 1834.0
1653903644 1834.0
1653903645 1834.0
1653903646 1834.0
1653903647 1834.0
1653903648 1834.0
1653903649 1834.0
1653903650 1834.0
1653903651 1834.0
1653903652 1834.0
1653903653 1834.0
1653903654 1834.0
1653903655 1834.0
1653903656 1834.0
1653903657 1834.0
1653903658 1834.0
1653903659 1834.0
1653903660 1834.0
1653903661 1834.0
1653903662 1834.0
1653903663 1834.0
1653903664 1834.0
1653903665 1834.0
1653903666 1834.0
1653903667 None
1653903668 None
