1653300032 54.0
1653300033 54.0
1653300034 54.0
1653300035 54.0
1653300036 54.0
1653300037 54.0
1653300038 54.0
1653300039 54.0
1653300040 54.0
1653300041 54.0
1653300042 54.0
1653300043 54.0
1653300044 54.0
1653300045 54.0
1653300046 54.0
1653300047 54.0
1653300048 54.0
1653300049 54.0
1653300050 54.0
1653300051 54.0
1653300052 54.0
1653300053 54.0
1653300054 54.0
1653300055 54.0
1653300056 54.0
1653300057 54.0
1653300058 54.0
1653300059 54.0
1653300060 54.0
1653300061 54.0
1653300062 54.0
1653300063 54.0
1653300064 54.0
1653300065 54.0
1653300066 54.0
1653300067 54.0
1653300068 54.0
1653300069 54.0
1653300070 54.0
1653300071 54.0
1653300072 54.0
1653300073 54.0
1653300074 54.0
1653300075 54.0
1653300076 54.0
1653300077 54.0
1653300078 54.0
1653300079 54.0
1653300080 54.0
1653300081 54.0
1653300082 54.0
1653300083 54.0
1653300084 54.0
1653300085 54.0
1653300086 54.0
1653300087 54.0
1653300088 54.0
1653300089 54.0
1653300090 54.0
1653300091 None
