1653903609 2017.0
1653903610 2017.0
1653903611 2017.0
1653903612 2017.0
1653903613 2017.0
1653903614 2017.0
1653903615 2017.0
1653903616 2015.0
1653903617 2015.0
1653903618 2015.0
1653903619 2015.0
1653903620 2015.0
1653903621 2015.0
1653903622 2015.0
1653903623 2015.0
1653903624 2015.0
1653903625 2015.0
1653903626 2015.0
1653903627 2015.0
1653903628 2015.0
1653903629 2015.0
1653903630 2015.0
1653903631 2015.0
1653903632 2015.0
1653903633 2015.0
1653903634 2015.0
1653903635 2015.0
1653903636 2015.0
1653903637 2015.0
1653903638 2015.0
1653903639 2015.0
1653903640 2015.0
1653903641 2015.0
1653903642 2015.0
1653903643 2015.0
1653903644 2015.0
1653903645 2015.0
1653903646 2015.0
1653903647 2015.0
1653903648 2015.0
1653903649 2015.0
1653903650 2015.0
1653903651 2015.0
1653903652 2015.0
1653903653 2015.0
1653903654 2015.0
1653903655 2015.0
1653903656 2015.0
1653903657 2015.0
1653903658 2015.0
1653903659 2015.0
1653903660 2015.0
1653903661 2015.0
1653903662 2015.0
1653903663 2015.0
1653903664 2015.0
1653903665 2015.0
1653903666 2015.0
1653903667 None
1653903668 None
