1651653099 4.0
1651653100 5.0
1651653101 5.0
1651653102 6.0
1651653103 6.0
1651653104 6.0
1651653105 7.0
1651653106 7.0
1651653107 7.0
1651653108 8.0
1651653109 8.0
1651653110 8.0
1651653111 9.0
1651653112 9.0
1651653113 9.0
1651653114 10.0
1651653115 10.0
1651653116 10.0
1651653117 10.0
1651653118 10.0
1651653119 11.0
1651653120 11.0
1651653121 11.0
1651653122 11.0
1651653123 12.0
1651653124 12.0
1651653125 12.0
1651653126 12.0
1651653127 12.0
1651653128 13.0
1651653129 13.0
1651653130 13.0
1651653131 13.0
1651653132 13.0
1651653133 14.0
1651653134 14.0
1651653135 14.0
1651653136 15.0
1651653137 15.0
1651653138 15.0
1651653139 15.0
1651653140 15.0
1651653141 15.0
1651653142 15.0
1651653143 16.0
1651653144 16.0
1651653145 16.0
1651653146 16.0
1651653147 16.0
1651653148 16.0
1651653149 16.0
1651653150 16.0
1651653151 16.0
1651653152 17.0
1651653153 17.0
1651653154 17.0
1651653155 18.0
1651653156 18.0
1651653157 19.0
1651653158 None
