1653300032 1709.0
1653300033 1709.0
1653300034 1709.0
1653300035 1709.0
1653300036 1709.0
1653300037 1709.0
1653300038 1709.0
1653300039 1709.0
1653300040 1709.0
1653300041 1709.0
1653300042 1709.0
1653300043 1709.0
1653300044 1709.0
1653300045 1709.0
1653300046 1709.0
1653300047 1709.0
1653300048 1709.0
1653300049 1709.0
1653300050 1709.0
1653300051 1709.0
1653300052 1709.0
1653300053 1709.0
1653300054 1709.0
1653300055 1709.0
1653300056 1709.0
1653300057 1709.0
1653300058 1709.0
1653300059 1709.0
1653300060 1709.0
1653300061 1709.0
1653300062 1709.0
1653300063 1709.0
1653300064 1709.0
1653300065 1709.0
1653300066 1709.0
1653300067 1709.0
1653300068 1709.0
1653300069 1709.0
1653300070 1709.0
1653300071 1709.0
1653300072 1709.0
1653300073 1709.0
1653300074 1709.0
1653300075 1709.0
1653300076 1709.0
1653300077 1709.0
1653300078 1709.0
1653300079 1709.0
1653300080 1709.0
1653300081 1709.0
1653300082 1709.0
1653300083 1709.0
1653300084 1709.0
1653300085 1709.0
1653300086 1709.0
1653300087 1709.0
1653300088 1709.0
1653300089 1709.0
1653300090 1709.0
1653300091 None
