1653903609 0.0
1653903610 0.0
1653903611 0.0
1653903612 0.0
1653903613 0.0
1653903614 0.0
1653903615 0.0
1653903616 0.0
1653903617 0.0
1653903618 0.0
1653903619 1.0
1653903620 1.0
1653903621 1.0
1653903622 1.0
1653903623 1.0
1653903624 1.0
1653903625 1.0
1653903626 1.0
1653903627 1.0
1653903628 1.0
1653903629 1.0
1653903630 1.0
1653903631 1.0
1653903632 1.0
1653903633 1.0
1653903634 1.0
1653903635 1.0
1653903636 1.0
1653903637 1.0
1653903638 1.0
1653903639 1.0
1653903640 1.0
1653903641 1.0
1653903642 1.0
1653903643 1.0
1653903644 2.0
1653903645 2.0
1653903646 2.0
1653903647 2.0
1653903648 2.0
1653903649 3.0
1653903650 3.0
1653903651 3.0
1653903652 4.0
1653903653 4.0
1653903654 4.0
1653903655 4.0
1653903656 4.0
1653903657 5.0
1653903658 5.0
1653903659 5.0
1653903660 5.0
1653903661 5.0
1653903662 5.0
1653903663 5.0
1653903664 5.0
1653903665 5.0
1653903666 6.0
1653903667 None
1653903668 None
