1652212720 812.0
1652212721 812.0
1652212722 812.0
1652212723 812.0
1652212724 812.0
1652212725 812.0
1652212726 812.0
1652212727 812.0
1652212728 812.0
1652212729 812.0
1652212730 812.0
1652212731 812.0
1652212732 812.0
1652212733 812.0
1652212734 812.0
1652212735 812.0
1652212736 812.0
1652212737 812.0
1652212738 812.0
1652212739 812.0
1652212740 812.0
1652212741 812.0
1652212742 812.0
1652212743 812.0
1652212744 812.0
1652212745 812.0
1652212746 812.0
1652212747 812.0
1652212748 812.0
1652212749 812.0
1652212750 812.0
1652212751 812.0
1652212752 812.0
1652212753 812.0
1652212754 812.0
1652212755 812.0
1652212756 812.0
1652212757 812.0
1652212758 812.0
1652212759 812.0
1652212760 812.0
1652212761 812.0
1652212762 812.0
1652212763 812.0
1652212764 812.0
1652212765 812.0
1652212766 812.0
1652212767 812.0
1652212768 812.0
1652212769 812.0
1652212770 812.0
1652212771 812.0
1652212772 812.0
1652212773 812.0
1652212774 812.0
1652212775 812.0
1652212776 812.0
1652212777 812.0
1652212778 812.0
1652212779 None
