1652687393 0.0
1652687394 0.0
1652687395 0.0
1652687396 0.0
1652687397 0.0
1652687398 0.0
1652687399 0.0
1652687400 0.0
1652687401 1.0
1652687402 1.0
1652687403 1.0
1652687404 1.0
1652687405 1.0
1652687406 1.0
1652687407 1.0
1652687408 2.0
1652687409 2.0
1652687410 2.0
1652687411 2.0
1652687412 3.0
1652687413 3.0
1652687414 3.0
1652687415 3.0
1652687416 4.0
1652687417 4.0
1652687418 4.0
1652687419 4.0
1652687420 4.0
1652687421 4.0
1652687422 4.0
1652687423 4.0
1652687424 5.0
1652687425 5.0
1652687426 5.0
1652687427 5.0
1652687428 5.0
1652687429 5.0
1652687430 5.0
1652687431 5.0
1652687432 6.0
1652687433 6.0
1652687434 6.0
1652687435 6.0
1652687436 6.0
1652687437 6.0
1652687438 6.0
1652687439 7.0
1652687440 7.0
1652687441 7.0
1652687442 7.0
1652687443 8.0
1652687444 8.0
1652687445 8.0
1652687446 9.0
1652687447 9.0
1652687448 9.0
1652687449 9.0
1652687450 9.0
1652687451 None
1652687452 None
