1651653099 4402.0
1651653100 4402.0
1651653101 4402.0
1651653102 4402.0
1651653103 4402.0
1651653104 4402.0
1651653105 4402.0
1651653106 4402.0
1651653107 4402.0
1651653108 4402.0
1651653109 4402.0
1651653110 4402.0
1651653111 4402.0
1651653112 4402.0
1651653113 4402.0
1651653114 4402.0
1651653115 4402.0
1651653116 4402.0
1651653117 4402.0
1651653118 4402.0
1651653119 4402.0
1651653120 4402.0
1651653121 4402.0
1651653122 4402.0
1651653123 4402.0
1651653124 4402.0
1651653125 4402.0
1651653126 4402.0
1651653127 4402.0
1651653128 4402.0
1651653129 4402.0
1651653130 4402.0
1651653131 4402.0
1651653132 4402.0
1651653133 4402.0
1651653134 4402.0
1651653135 4402.0
1651653136 4402.0
1651653137 4402.0
1651653138 4402.0
1651653139 4402.0
1651653140 4402.0
1651653141 4402.0
1651653142 4402.0
1651653143 4402.0
1651653144 4402.0
1651653145 4402.0
1651653146 4402.0
1651653147 4402.0
1651653148 4402.0
1651653149 4402.0
1651653150 4402.0
1651653151 4402.0
1651653152 4402.0
1651653153 4402.0
1651653154 4402.0
1651653155 4402.0
1651653156 4402.0
1651653157 4402.0
1651653158 None
