1651653099 1993.0
1651653100 1993.0
1651653101 1993.0
1651653102 1993.0
1651653103 1993.0
1651653104 1993.0
1651653105 1993.0
1651653106 1993.0
1651653107 1993.0
1651653108 1993.0
1651653109 1993.0
1651653110 1993.0
1651653111 1993.0
1651653112 1993.0
1651653113 1993.0
1651653114 1993.0
1651653115 1993.0
1651653116 1993.0
1651653117 1993.0
1651653118 1993.0
1651653119 1993.0
1651653120 1993.0
1651653121 1993.0
1651653122 1993.0
1651653123 1993.0
1651653124 1993.0
1651653125 1993.0
1651653126 1993.0
1651653127 1993.0
1651653128 1993.0
1651653129 1993.0
1651653130 1993.0
1651653131 1993.0
1651653132 1993.0
1651653133 1993.0
1651653134 1993.0
1651653135 1993.0
1651653136 1993.0
1651653137 1993.0
1651653138 1993.0
1651653139 1993.0
1651653140 1993.0
1651653141 1993.0
1651653142 1993.0
1651653143 1993.0
1651653144 1993.0
1651653145 1993.0
1651653146 1993.0
1651653147 1993.0
1651653148 1993.0
1651653149 1993.0
1651653150 1993.0
1651653151 1993.0
1651653152 1993.0
1651653153 1993.0
1651653154 1993.0
1651653155 1993.0
1651653156 1993.0
1651653157 1993.0
1651653158 None
