1653903609 1422.0
1653903610 1422.0
1653903611 1422.0
1653903612 1422.0
1653903613 1422.0
1653903614 1422.0
1653903615 1422.0
1653903616 1426.0
1653903617 1426.0
1653903618 1426.0
1653903619 1426.0
1653903620 1426.0
1653903621 1426.0
1653903622 1426.0
1653903623 1426.0
1653903624 1426.0
1653903625 1426.0
1653903626 1426.0
1653903627 1426.0
1653903628 1426.0
1653903629 1426.0
1653903630 1426.0
1653903631 1426.0
1653903632 1426.0
1653903633 1426.0
1653903634 1426.0
1653903635 1426.0
1653903636 1426.0
1653903637 1426.0
1653903638 1426.0
1653903639 1426.0
1653903640 1426.0
1653903641 1426.0
1653903642 1426.0
1653903643 1426.0
1653903644 1426.0
1653903645 1426.0
1653903646 1426.0
1653903647 1426.0
1653903648 1426.0
1653903649 1426.0
1653903650 1426.0
1653903651 1426.0
1653903652 1426.0
1653903653 1426.0
1653903654 1426.0
1653903655 1426.0
1653903656 1426.0
1653903657 1426.0
1653903658 1426.0
1653903659 1426.0
1653903660 1426.0
1653903661 1426.0
1653903662 1426.0
1653903663 1426.0
1653903664 1426.0
1653903665 1426.0
1653903666 1426.0
1653903667 None
1653903668 None
