1651566207 4.0
1651566208 4.0
1651566209 4.0
1651566210 5.0
1651566211 5.0
1651566212 5.0
1651566213 5.0
1651566214 6.0
1651566215 6.0
1651566216 6.0
1651566217 7.0
1651566218 7.0
1651566219 7.0
1651566220 8.0
1651566221 8.0
1651566222 9.0
1651566223 9.0
1651566224 9.0
1651566225 10.0
1651566226 10.0
1651566227 11.0
1651566228 12.0
1651566229 12.0
1651566230 12.0
1651566231 13.0
1651566232 13.0
1651566233 13.0
1651566234 13.0
1651566235 14.0
1651566236 15.0
1651566237 15.0
1651566238 15.0
1651566239 15.0
1651566240 16.0
1651566241 17.0
1651566242 17.0
1651566243 17.0
1651566244 18.0
1651566245 18.0
1651566246 19.0
1651566247 19.0
1651566248 19.0
1651566249 19.0
1651566250 20.0
1651566251 21.0
1651566252 21.0
1651566253 21.0
1651566254 21.0
1651566255 22.0
1651566256 22.0
1651566257 23.0
1651566258 23.0
1651566259 23.0
1651566260 23.0
1651566261 24.0
1651566262 24.0
1651566263 25.0
1651566264 26.0
1651566265 26.0
1651566266 None
