1652212720 53290.0
1652212721 53290.0
1652212722 53290.0
1652212723 53290.0
1652212724 53290.0
1652212725 53290.0
1652212726 53290.0
1652212727 53290.0
1652212728 53287.0
1652212729 53287.0
1652212730 53287.0
1652212731 53287.0
1652212732 53287.0
1652212733 53287.0
1652212734 53287.0
1652212735 53287.0
1652212736 53287.0
1652212737 53287.0
1652212738 53287.0
1652212739 53287.0
1652212740 53287.0
1652212741 53287.0
1652212742 53287.0
1652212743 53287.0
1652212744 53287.0
1652212745 53287.0
1652212746 53287.0
1652212747 53287.0
1652212748 53287.0
1652212749 53287.0
1652212750 53287.0
1652212751 53287.0
1652212752 53287.0
1652212753 53287.0
1652212754 53287.0
1652212755 53287.0
1652212756 53287.0
1652212757 53287.0
1652212758 53287.0
1652212759 53287.0
1652212760 53287.0
1652212761 53287.0
1652212762 53287.0
1652212763 53287.0
1652212764 53287.0
1652212765 53287.0
1652212766 53287.0
1652212767 53287.0
1652212768 53287.0
1652212769 53287.0
1652212770 53287.0
1652212771 53287.0
1652212772 53287.0
1652212773 53287.0
1652212774 53287.0
1652212775 53287.0
1652212776 53287.0
1652212777 53287.0
1652212778 53287.0
1652212779 None
