1651566207 23540.0
1651566208 23540.0
1651566209 23540.0
1651566210 23540.0
1651566211 23540.0
1651566212 23540.0
1651566213 23540.0
1651566214 23540.0
1651566215 23540.0
1651566216 23540.0
1651566217 23540.0
1651566218 23540.0
1651566219 23540.0
1651566220 23540.0
1651566221 23540.0
1651566222 23540.0
1651566223 23540.0
1651566224 23540.0
1651566225 23540.0
1651566226 23540.0
1651566227 23540.0
1651566228 23540.0
1651566229 23540.0
1651566230 23540.0
1651566231 23540.0
1651566232 23540.0
1651566233 23540.0
1651566234 23540.0
1651566235 23540.0
1651566236 23540.0
1651566237 23540.0
1651566238 23540.0
1651566239 23540.0
1651566240 23540.0
1651566241 23540.0
1651566242 23540.0
1651566243 23540.0
1651566244 23540.0
1651566245 23540.0
1651566246 23540.0
1651566247 23540.0
1651566248 23540.0
1651566249 23540.0
1651566250 23540.0
1651566251 23540.0
1651566252 23540.0
1651566253 23540.0
1651566254 23540.0
1651566255 23540.0
1651566256 23540.0
1651566257 23540.0
1651566258 23540.0
1651566259 23540.0
1651566260 23540.0
1651566261 23540.0
1651566262 23540.0
1651566263 23540.0
1651566264 23540.0
1651566265 23540.0
1651566266 None
