1649675562 41.0
1649675563 43.0
1649675564 43.0
1649675565 46.0
1649675566 49.0
1649675567 56.0
1649675568 56.0
1649675569 61.0
1649675570 63.0
1649675571 69.0
1649675572 69.0
1649675573 71.0
1649675574 72.0
1649675575 72.0
1649675576 76.0
1649675577 82.0
1649675578 82.0
1649675579 82.0
1649675580 89.0
1649675581 93.0
1649675582 95.0
1649675583 95.0
1649675584 101.0
1649675585 104.0
1649675586 108.0
1649675587 108.0
1649675588 111.0
1649675589 114.0
1649675590 120.0
1649675591 120.0
1649675592 127.0
1649675593 130.0
1649675594 134.0
1649675595 134.0
1649675596 140.0
1649675597 147.0
1649675598 149.0
1649675599 149.0
1649675600 153.0
1649675601 157.0
1649675602 157.0
1649675603 160.0
1649675604 162.0
1649675605 166.0
1649675606 166.0
1649675607 167.0
1649675608 169.0
1649675609 174.0
1649675610 174.0
1649675611 175.0
1649675612 178.0
1649675613 181.0
1649675614 181.0
1649675615 183.0
1649675616 187.0
1649675617 187.0
1649675618 190.0
1649675619 191.0
1649675620 197.0
1649675621 197.0
1649675622 199.0
1649675623 203.0
1649675624 204.0
1649675625 204.0
1649675626 208.0
1649675627 213.0
1649675628 216.0
1649675629 216.0
1649675630 219.0
1649675631 224.0
1649675632 226.0
1649675633 226.0
1649675634 228.0
1649675635 232.0
1649675636 236.0
1649675637 236.0
1649675638 240.0
1649675639 244.0
1649675640 248.0
1649675641 248.0
1649675642 251.0
1649675643 254.0
1649675644 258.0
1649675645 258.0
1649675646 260.0
1649675647 263.0
1649675648 266.0
1649675649 266.0
1649675650 272.0
1649675651 275.0
1649675652 275.0
1649675653 281.0
1649675654 284.0
1649675655 287.0
1649675656 287.0
1649675657 291.0
1649675658 293.0
1649675659 299.0
1649675660 299.0
1649675661 303.0
1649675662 308.0
1649675663 310.0
1649675664 310.0
1649675665 313.0
1649675666 316.0
1649675667 319.0
1649675668 319.0
1649675669 321.0
1649675670 325.0
1649675671 325.0
1649675672 330.0
1649675673 334.0
1649675674 339.0
1649675675 339.0
1649675676 341.0
1649675677 345.0
1649675678 None
1649675679 None
1649675680 None
1649675681 None
