1649936256 28.0
1649936257 34.0
1649936258 40.0
1649936259 40.0
1649936260 47.0
1649936261 52.0
1649936262 56.0
1649936263 56.0
1649936264 61.0
1649936265 65.0
1649936266 70.0
1649936267 70.0
1649936268 74.0
1649936269 80.0
1649936270 86.0
1649936271 86.0
1649936272 92.0
1649936273 99.0
1649936274 99.0
1649936275 105.0
1649936276 110.0
1649936277 114.0
1649936278 114.0
1649936279 119.0
1649936280 124.0
1649936281 127.0
1649936282 127.0
1649936283 132.0
1649936284 136.0
1649936285 141.0
1649936286 141.0
1649936287 147.0
1649936288 150.0
1649936289 157.0
1649936290 157.0
1649936291 163.0
1649936292 169.0
1649936293 169.0
1649936294 174.0
1649936295 176.0
1649936296 182.0
1649936297 182.0
1649936298 187.0
1649936299 194.0
1649936300 199.0
1649936301 199.0
1649936302 202.0
1649936303 209.0
1649936304 215.0
1649936305 215.0
1649936306 221.0
1649936307 228.0
1649936308 234.0
1649936309 234.0
1649936310 241.0
1649936311 243.0
1649936312 243.0
1649936313 249.0
1649936314 252.0
1649936315 255.0
1649936316 255.0
1649936317 261.0
1649936318 265.0
1649936319 273.0
1649936320 273.0
1649936321 276.0
1649936322 281.0
1649936323 286.0
1649936324 286.0
1649936325 291.0
1649936326 294.0
1649936327 294.0
1649936328 301.0
1649936329 306.0
1649936330 309.0
1649936331 309.0
1649936332 312.0
1649936333 317.0
1649936334 322.0
1649936335 322.0
1649936336 327.0
1649936337 332.0
1649936338 336.0
1649936339 336.0
1649936340 342.0
1649936341 345.0
1649936342 345.0
1649936343 349.0
1649936344 356.0
1649936345 360.0
1649936346 360.0
1649936347 366.0
1649936348 369.0
1649936349 373.0
1649936350 373.0
1649936351 377.0
1649936352 380.0
1649936353 384.0
1649936354 384.0
1649936355 390.0
1649936356 394.0
1649936357 401.0
1649936358 401.0
1649936359 407.0
1649936360 414.0
1649936361 414.0
1649936362 418.0
1649936363 423.0
1649936364 426.0
1649936365 426.0
1649936366 432.0
1649936367 437.0
1649936368 442.0
1649936369 442.0
1649936370 446.0
1649936371 451.0
1649936372 456.0
1649936373 456.0
1649936374 457.0
1649936375 None
