1649924281 902.0
1649924282 902.0
1649924283 902.0
1649924284 902.0
1649924285 902.0
1649924286 902.0
1649924287 902.0
1649924288 902.0
1649924289 902.0
1649924290 902.0
1649924291 902.0
1649924292 902.0
1649924293 902.0
1649924294 902.0
1649924295 902.0
1649924296 902.0
1649924297 902.0
1649924298 902.0
1649924299 902.0
1649924300 902.0
1649924301 902.0
1649924302 902.0
1649924303 902.0
1649924304 902.0
1649924305 902.0
1649924306 902.0
1649924307 902.0
1649924308 902.0
1649924309 902.0
1649924310 902.0
1649924311 902.0
1649924312 902.0
1649924313 902.0
1649924314 902.0
1649924315 902.0
1649924316 902.0
1649924317 902.0
1649924318 902.0
1649924319 902.0
1649924320 902.0
1649924321 902.0
1649924322 902.0
1649924323 902.0
1649924324 902.0
1649924325 902.0
1649924326 902.0
1649924327 902.0
1649924328 902.0
1649924329 902.0
1649924330 902.0
1649924331 902.0
1649924332 902.0
1649924333 902.0
1649924334 902.0
1649924335 902.0
1649924336 902.0
1649924337 902.0
1649924338 902.0
1649924339 902.0
1649924340 902.0
1649924341 902.0
1649924342 902.0
1649924343 902.0
1649924344 902.0
1649924345 902.0
1649924346 902.0
1649924347 902.0
1649924348 902.0
1649924349 902.0
1649924350 902.0
1649924351 902.0
1649924352 902.0
1649924353 902.0
1649924354 902.0
1649924355 902.0
1649924356 902.0
1649924357 902.0
1649924358 902.0
1649924359 902.0
1649924360 902.0
1649924361 902.0
1649924362 902.0
1649924363 902.0
1649924364 902.0
1649924365 902.0
1649924366 902.0
1649924367 902.0
1649924368 902.0
1649924369 902.0
1649924370 902.0
1649924371 902.0
1649924372 902.0
1649924373 902.0
1649924374 902.0
1649924375 902.0
1649924376 902.0
1649924377 902.0
1649924378 902.0
1649924379 902.0
1649924380 902.0
1649924381 902.0
1649924382 902.0
1649924383 902.0
1649924384 902.0
1649924385 902.0
1649924386 902.0
1649924387 902.0
1649924388 902.0
1649924389 902.0
1649924390 902.0
1649924391 902.0
1649924392 902.0
1649924393 902.0
1649924394 902.0
1649924395 902.0
1649924396 902.0
1649924397 902.0
1649924398 None
1649924399 None
1649924400 None
