1649675562 5797.0
1649675563 5797.0
1649675564 5797.0
1649675565 5797.0
1649675566 5797.0
1649675567 5797.0
1649675568 5797.0
1649675569 5797.0
1649675570 5797.0
1649675571 5797.0
1649675572 5797.0
1649675573 5797.0
1649675574 5797.0
1649675575 5797.0
1649675576 5797.0
1649675577 5797.0
1649675578 5797.0
1649675579 5797.0
1649675580 5797.0
1649675581 5797.0
1649675582 5797.0
1649675583 5797.0
1649675584 5797.0
1649675585 5797.0
1649675586 5797.0
1649675587 5797.0
1649675588 5797.0
1649675589 5797.0
1649675590 5797.0
1649675591 5797.0
1649675592 5797.0
1649675593 5797.0
1649675594 5797.0
1649675595 5797.0
1649675596 5797.0
1649675597 5797.0
1649675598 5797.0
1649675599 5797.0
1649675600 5797.0
1649675601 5797.0
1649675602 5797.0
1649675603 5797.0
1649675604 5797.0
1649675605 5797.0
1649675606 5797.0
1649675607 5797.0
1649675608 5797.0
1649675609 5797.0
1649675610 5797.0
1649675611 5797.0
1649675612 5797.0
1649675613 5797.0
1649675614 5797.0
1649675615 5797.0
1649675616 5797.0
1649675617 5797.0
1649675618 5797.0
1649675619 5797.0
1649675620 5797.0
1649675621 5797.0
1649675622 5797.0
1649675623 5797.0
1649675624 5797.0
1649675625 5797.0
1649675626 5797.0
1649675627 5797.0
1649675628 5797.0
1649675629 5797.0
1649675630 5797.0
1649675631 5797.0
1649675632 5797.0
1649675633 5797.0
1649675634 5797.0
1649675635 5797.0
1649675636 5797.0
1649675637 5797.0
1649675638 5797.0
1649675639 5797.0
1649675640 5797.0
1649675641 5797.0
1649675642 5797.0
1649675643 5797.0
1649675644 5797.0
1649675645 5797.0
1649675646 5797.0
1649675647 5797.0
1649675648 5797.0
1649675649 5797.0
1649675650 5797.0
1649675651 5797.0
1649675652 5797.0
1649675653 5797.0
1649675654 5797.0
1649675655 5797.0
1649675656 5797.0
1649675657 5797.0
1649675658 5797.0
1649675659 5797.0
1649675660 5797.0
1649675661 5797.0
1649675662 5797.0
1649675663 5797.0
1649675664 5797.0
1649675665 5797.0
1649675666 5797.0
1649675667 5797.0
1649675668 5797.0
1649675669 5797.0
1649675670 5797.0
1649675671 5797.0
1649675672 5797.0
1649675673 5797.0
1649675674 5797.0
1649675675 5797.0
1649675676 5797.0
1649675677 5797.0
1649675678 None
1649675679 None
1649675680 None
1649675681 None
