1649936257 3025.0
1649936258 3025.0
1649936259 3025.0
1649936260 3025.0
1649936261 3025.0
1649936262 3025.0
1649936263 3025.0
1649936264 3025.0
1649936265 3025.0
1649936266 3025.0
1649936267 3025.0
1649936268 3025.0
1649936269 3025.0
1649936270 3025.0
1649936271 3025.0
1649936272 3025.0
1649936273 3025.0
1649936274 3025.0
1649936275 3025.0
1649936276 3025.0
1649936277 3025.0
1649936278 3025.0
1649936279 3025.0
1649936280 3025.0
1649936281 3025.0
1649936282 3025.0
1649936283 3025.0
1649936284 3025.0
1649936285 3025.0
1649936286 3025.0
1649936287 3025.0
1649936288 3025.0
1649936289 3025.0
1649936290 3025.0
1649936291 3025.0
1649936292 3025.0
1649936293 3025.0
1649936294 3025.0
1649936295 3025.0
1649936296 3025.0
1649936297 3025.0
1649936298 3025.0
1649936299 3025.0
1649936300 3025.0
1649936301 3025.0
1649936302 3025.0
1649936303 3025.0
1649936304 3025.0
1649936305 3025.0
1649936306 3025.0
1649936307 3025.0
1649936308 3025.0
1649936309 3025.0
1649936310 3025.0
1649936311 3025.0
1649936312 3025.0
1649936313 3025.0
1649936314 3025.0
1649936315 3025.0
1649936316 3025.0
1649936317 3025.0
1649936318 3025.0
1649936319 3025.0
1649936320 3025.0
1649936321 3025.0
1649936322 3025.0
1649936323 3025.0
1649936324 3025.0
1649936325 3025.0
1649936326 3025.0
1649936327 3025.0
1649936328 3025.0
1649936329 3025.0
1649936330 3025.0
1649936331 3025.0
1649936332 3025.0
1649936333 3025.0
1649936334 3025.0
1649936335 3025.0
1649936336 3025.0
1649936337 3025.0
1649936338 3025.0
1649936339 3025.0
1649936340 3025.0
1649936341 3025.0
1649936342 3025.0
1649936343 3025.0
1649936344 3025.0
1649936345 3025.0
1649936346 3025.0
1649936347 3025.0
1649936348 3025.0
1649936349 3025.0
1649936350 3025.0
1649936351 3025.0
1649936352 3025.0
1649936353 3025.0
1649936354 3025.0
1649936355 3025.0
1649936356 3025.0
1649936357 3025.0
1649936358 3025.0
1649936359 3025.0
1649936360 3025.0
1649936361 3025.0
1649936362 3025.0
1649936363 3025.0
1649936364 3025.0
1649936365 3025.0
1649936366 3025.0
1649936367 3025.0
1649936368 3025.0
1649936369 3025.0
1649936370 3025.0
1649936371 3025.0
1649936372 3025.0
1649936373 3025.0
1649936374 3025.0
1649936375 None
1649936376 None
