1649675560 1167.0
1649675561 1167.0
1649675562 1167.0
1649675563 1167.0
1649675564 1167.0
1649675565 1167.0
1649675566 1167.0
1649675567 1167.0
1649675568 1167.0
1649675569 1167.0
1649675570 1167.0
1649675571 1167.0
1649675572 1167.0
1649675573 1167.0
1649675574 1167.0
1649675575 1167.0
1649675576 1167.0
1649675577 1167.0
1649675578 1167.0
1649675579 1167.0
1649675580 1167.0
1649675581 1167.0
1649675582 1167.0
1649675583 1167.0
1649675584 1167.0
1649675585 1167.0
1649675586 1167.0
1649675587 1167.0
1649675588 1167.0
1649675589 1167.0
1649675590 1167.0
1649675591 1167.0
1649675592 1167.0
1649675593 1167.0
1649675594 1167.0
1649675595 1167.0
1649675596 1167.0
1649675597 1167.0
1649675598 1167.0
1649675599 1167.0
1649675600 1167.0
1649675601 1167.0
1649675602 1167.0
1649675603 1167.0
1649675604 1167.0
1649675605 1167.0
1649675606 1167.0
1649675607 1167.0
1649675608 1167.0
1649675609 1167.0
1649675610 1167.0
1649675611 1167.0
1649675612 1167.0
1649675613 1167.0
1649675614 1167.0
1649675615 1167.0
1649675616 1167.0
1649675617 1167.0
1649675618 1167.0
1649675619 1167.0
1649675620 1167.0
1649675621 1167.0
1649675622 1167.0
1649675623 1167.0
1649675624 1167.0
1649675625 1167.0
1649675626 1167.0
1649675627 1167.0
1649675628 1167.0
1649675629 1167.0
1649675630 1167.0
1649675631 1167.0
1649675632 1167.0
1649675633 1167.0
1649675634 1167.0
1649675635 1167.0
1649675636 1167.0
1649675637 1167.0
1649675638 1167.0
1649675639 1167.0
1649675640 1167.0
1649675641 1167.0
1649675642 1167.0
1649675643 1167.0
1649675644 1167.0
1649675645 1167.0
1649675646 1167.0
1649675647 1167.0
1649675648 1167.0
1649675649 1167.0
1649675650 1167.0
1649675651 1167.0
1649675652 1167.0
1649675653 1167.0
1649675654 1167.0
1649675655 1167.0
1649675656 1167.0
1649675657 1167.0
1649675658 1167.0
1649675659 1167.0
1649675660 1167.0
1649675661 1167.0
1649675662 1167.0
1649675663 1167.0
1649675664 1167.0
1649675665 1167.0
1649675666 1167.0
1649675667 1167.0
1649675668 1167.0
1649675669 1167.0
1649675670 1167.0
1649675671 1167.0
1649675672 1167.0
1649675673 1167.0
1649675674 1167.0
1649675675 1167.0
1649675676 1167.0
1649675677 1167.0
1649675678 None
1649675679 None
