1649675560 2686.0
1649675561 2686.0
1649675562 2686.0
1649675563 2686.0
1649675564 2686.0
1649675565 2686.0
1649675566 2686.0
1649675567 2686.0
1649675568 2686.0
1649675569 2686.0
1649675570 2686.0
1649675571 2686.0
1649675572 2686.0
1649675573 2686.0
1649675574 2686.0
1649675575 2686.0
1649675576 2686.0
1649675577 2686.0
1649675578 2686.0
1649675579 2686.0
1649675580 2686.0
1649675581 2686.0
1649675582 2686.0
1649675583 2686.0
1649675584 2686.0
1649675585 2686.0
1649675586 2686.0
1649675587 2686.0
1649675588 2686.0
1649675589 2686.0
1649675590 2686.0
1649675591 2686.0
1649675592 2686.0
1649675593 2686.0
1649675594 2686.0
1649675595 2686.0
1649675596 2686.0
1649675597 2686.0
1649675598 2686.0
1649675599 2686.0
1649675600 2686.0
1649675601 2686.0
1649675602 2686.0
1649675603 2686.0
1649675604 2686.0
1649675605 2686.0
1649675606 2686.0
1649675607 2686.0
1649675608 2686.0
1649675609 2686.0
1649675610 2686.0
1649675611 2686.0
1649675612 2686.0
1649675613 2686.0
1649675614 2686.0
1649675615 2686.0
1649675616 2686.0
1649675617 2686.0
1649675618 2686.0
1649675619 2686.0
1649675620 2686.0
1649675621 2686.0
1649675622 2686.0
1649675623 2686.0
1649675624 2686.0
1649675625 2686.0
1649675626 2686.0
1649675627 2686.0
1649675628 2686.0
1649675629 2686.0
1649675630 2686.0
1649675631 2686.0
1649675632 2686.0
1649675633 2686.0
1649675634 2686.0
1649675635 2686.0
1649675636 2686.0
1649675637 2686.0
1649675638 2686.0
1649675639 2686.0
1649675640 2686.0
1649675641 2686.0
1649675642 2686.0
1649675643 2686.0
1649675644 2686.0
1649675645 2686.0
1649675646 2686.0
1649675647 2686.0
1649675648 2686.0
1649675649 2686.0
1649675650 2686.0
1649675651 2686.0
1649675652 2686.0
1649675653 2686.0
1649675654 2686.0
1649675655 2686.0
1649675656 2686.0
1649675657 2686.0
1649675658 2686.0
1649675659 2686.0
1649675660 2686.0
1649675661 2686.0
1649675662 2686.0
1649675663 2686.0
1649675664 2686.0
1649675665 2686.0
1649675666 2686.0
1649675667 2686.0
1649675668 2686.0
1649675669 2686.0
1649675670 2686.0
1649675671 2686.0
1649675672 2686.0
1649675673 2686.0
1649675674 2686.0
1649675675 2686.0
1649675676 2686.0
1649675677 2686.0
1649675678 None
1649675679 None
