1649758042 1497.0
1649758043 1497.0
1649758044 1497.0
1649758045 1497.0
1649758046 1497.0
1649758047 1497.0
1649758048 1497.0
1649758049 1497.0
1649758050 1497.0
1649758051 1497.0
1649758052 1497.0
1649758053 1497.0
1649758054 1497.0
1649758055 1497.0
1649758056 1497.0
1649758057 1497.0
1649758058 1497.0
1649758059 1497.0
1649758060 1497.0
1649758061 1497.0
1649758062 1497.0
1649758063 1497.0
1649758064 1497.0
1649758065 1497.0
1649758066 1497.0
1649758067 1497.0
1649758068 1497.0
1649758069 1497.0
1649758070 1497.0
1649758071 1497.0
1649758072 1497.0
1649758073 1497.0
1649758074 1497.0
1649758075 1497.0
1649758076 1497.0
1649758077 1497.0
1649758078 1497.0
1649758079 1497.0
1649758080 1497.0
1649758081 1497.0
1649758082 1497.0
1649758083 1497.0
1649758084 1497.0
1649758085 1497.0
1649758086 1497.0
1649758087 1497.0
1649758088 1497.0
1649758089 1497.0
1649758090 1497.0
1649758091 1497.0
1649758092 1497.0
1649758093 1497.0
1649758094 1497.0
1649758095 1497.0
1649758096 1497.0
1649758097 1497.0
1649758098 1497.0
1649758099 1497.0
1649758100 1497.0
1649758101 1497.0
1649758102 1497.0
1649758103 1497.0
1649758104 1497.0
1649758105 1497.0
1649758106 1497.0
1649758107 1497.0
1649758108 1497.0
1649758109 1497.0
1649758110 1497.0
1649758111 1497.0
1649758112 1497.0
1649758113 1497.0
1649758114 1497.0
1649758115 1497.0
1649758116 1497.0
1649758117 1497.0
1649758118 1497.0
1649758119 1497.0
1649758120 1497.0
1649758121 1497.0
1649758122 1497.0
1649758123 1497.0
1649758124 1497.0
1649758125 1497.0
1649758126 1497.0
1649758127 1497.0
1649758128 1497.0
1649758129 1497.0
1649758130 1497.0
1649758131 1497.0
1649758132 1497.0
1649758133 1497.0
1649758134 1497.0
1649758135 1497.0
1649758136 1497.0
1649758137 1497.0
1649758138 1497.0
1649758139 1497.0
1649758140 1497.0
1649758141 1497.0
1649758142 1497.0
1649758143 1497.0
1649758144 1497.0
1649758145 1497.0
1649758146 1497.0
1649758147 1497.0
1649758148 1497.0
1649758149 1497.0
1649758150 1497.0
1649758151 1497.0
1649758152 1497.0
1649758153 1497.0
1649758154 1497.0
1649758155 1497.0
1649758156 1497.0
1649758157 1497.0
1649758158 1497.0
1649758159 None
1649758160 None
1649758161 None
