1649675561 41.0
1649675562 47.0
1649675563 55.0
1649675564 55.0
1649675565 62.0
1649675566 68.0
1649675567 73.0
1649675568 73.0
1649675569 78.0
1649675570 86.0
1649675571 94.0
1649675572 94.0
1649675573 101.0
1649675574 110.0
1649675575 110.0
1649675576 117.0
1649675577 120.0
1649675578 129.0
1649675579 129.0
1649675580 134.0
1649675581 141.0
1649675582 151.0
1649675583 151.0
1649675584 155.0
1649675585 161.0
1649675586 169.0
1649675587 169.0
1649675588 176.0
1649675589 183.0
1649675590 191.0
1649675591 191.0
1649675592 194.0
1649675593 200.0
1649675594 206.0
1649675595 206.0
1649675596 211.0
1649675597 213.0
1649675598 222.0
1649675599 222.0
1649675600 227.0
1649675601 236.0
1649675602 236.0
1649675603 243.0
1649675604 250.0
1649675605 258.0
1649675606 258.0
1649675607 266.0
1649675608 275.0
1649675609 281.0
1649675610 281.0
1649675611 290.0
1649675612 298.0
1649675613 306.0
1649675614 306.0
1649675615 314.0
1649675616 319.0
1649675617 319.0
1649675618 328.0
1649675619 338.0
1649675620 343.0
1649675621 343.0
1649675622 353.0
1649675623 358.0
1649675624 367.0
1649675625 367.0
1649675626 374.0
1649675627 379.0
1649675628 386.0
1649675629 386.0
1649675630 392.0
1649675631 398.0
1649675632 407.0
1649675633 407.0
1649675634 415.0
1649675635 420.0
1649675636 428.0
1649675637 428.0
1649675638 434.0
1649675639 440.0
1649675640 448.0
1649675641 448.0
1649675642 455.0
1649675643 462.0
1649675644 469.0
1649675645 469.0
1649675646 477.0
1649675647 483.0
1649675648 491.0
1649675649 491.0
1649675650 496.0
1649675651 504.0
1649675652 504.0
1649675653 508.0
1649675654 514.0
1649675655 521.0
1649675656 521.0
1649675657 528.0
1649675658 535.0
1649675659 541.0
1649675660 541.0
1649675661 547.0
1649675662 552.0
1649675663 561.0
1649675664 561.0
1649675665 568.0
1649675666 574.0
1649675667 583.0
1649675668 583.0
1649675669 590.0
1649675670 599.0
1649675671 599.0
1649675672 605.0
1649675673 610.0
1649675674 616.0
1649675675 616.0
1649675676 625.0
1649675677 627.0
1649675678 None
1649675679 None
1649675680 None
