1649936257 1486.0
1649936258 1486.0
1649936259 1486.0
1649936260 1486.0
1649936261 1486.0
1649936262 1486.0
1649936263 1486.0
1649936264 1486.0
1649936265 1486.0
1649936266 1486.0
1649936267 1486.0
1649936268 1486.0
1649936269 1486.0
1649936270 1486.0
1649936271 1486.0
1649936272 1486.0
1649936273 1486.0
1649936274 1486.0
1649936275 1486.0
1649936276 1486.0
1649936277 1486.0
1649936278 1486.0
1649936279 1486.0
1649936280 1486.0
1649936281 1486.0
1649936282 1486.0
1649936283 1486.0
1649936284 1486.0
1649936285 1486.0
1649936286 1486.0
1649936287 1486.0
1649936288 1486.0
1649936289 1486.0
1649936290 1486.0
1649936291 1486.0
1649936292 1486.0
1649936293 1486.0
1649936294 1486.0
1649936295 1486.0
1649936296 1486.0
1649936297 1486.0
1649936298 1486.0
1649936299 1486.0
1649936300 1486.0
1649936301 1486.0
1649936302 1486.0
1649936303 1486.0
1649936304 1486.0
1649936305 1486.0
1649936306 1486.0
1649936307 1486.0
1649936308 1486.0
1649936309 1486.0
1649936310 1486.0
1649936311 1486.0
1649936312 1486.0
1649936313 1486.0
1649936314 1486.0
1649936315 1486.0
1649936316 1486.0
1649936317 1486.0
1649936318 1486.0
1649936319 1486.0
1649936320 1486.0
1649936321 1486.0
1649936322 1486.0
1649936323 1486.0
1649936324 1486.0
1649936325 1486.0
1649936326 1486.0
1649936327 1486.0
1649936328 1486.0
1649936329 1486.0
1649936330 1486.0
1649936331 1486.0
1649936332 1486.0
1649936333 1486.0
1649936334 1486.0
1649936335 1486.0
1649936336 1486.0
1649936337 1486.0
1649936338 1486.0
1649936339 1486.0
1649936340 1486.0
1649936341 1486.0
1649936342 1486.0
1649936343 1486.0
1649936344 1486.0
1649936345 1486.0
1649936346 1486.0
1649936347 1486.0
1649936348 1486.0
1649936349 1486.0
1649936350 1486.0
1649936351 1486.0
1649936352 1486.0
1649936353 1486.0
1649936354 1486.0
1649936355 1486.0
1649936356 1486.0
1649936357 1486.0
1649936358 1486.0
1649936359 1486.0
1649936360 1486.0
1649936361 1486.0
1649936362 1486.0
1649936363 1486.0
1649936364 1486.0
1649936365 1486.0
1649936366 1486.0
1649936367 1486.0
1649936368 1486.0
1649936369 1486.0
1649936370 1486.0
1649936371 1486.0
1649936372 1486.0
1649936373 1486.0
1649936374 1486.0
1649936375 None
1649936376 None
