1649924281 39.0
1649924282 39.0
1649924283 39.0
1649924284 39.0
1649924285 39.0
1649924286 39.0
1649924287 39.0
1649924288 39.0
1649924289 39.0
1649924290 39.0
1649924291 39.0
1649924292 39.0
1649924293 39.0
1649924294 39.0
1649924295 39.0
1649924296 39.0
1649924297 39.0
1649924298 39.0
1649924299 39.0
1649924300 39.0
1649924301 39.0
1649924302 39.0
1649924303 39.0
1649924304 39.0
1649924305 39.0
1649924306 39.0
1649924307 39.0
1649924308 39.0
1649924309 39.0
1649924310 39.0
1649924311 39.0
1649924312 39.0
1649924313 39.0
1649924314 39.0
1649924315 39.0
1649924316 39.0
1649924317 39.0
1649924318 39.0
1649924319 39.0
1649924320 39.0
1649924321 39.0
1649924322 39.0
1649924323 39.0
1649924324 39.0
1649924325 39.0
1649924326 39.0
1649924327 39.0
1649924328 39.0
1649924329 39.0
1649924330 39.0
1649924331 39.0
1649924332 39.0
1649924333 39.0
1649924334 39.0
1649924335 39.0
1649924336 39.0
1649924337 39.0
1649924338 39.0
1649924339 39.0
1649924340 39.0
1649924341 39.0
1649924342 39.0
1649924343 39.0
1649924344 39.0
1649924345 39.0
1649924346 39.0
1649924347 39.0
1649924348 39.0
1649924349 39.0
1649924350 39.0
1649924351 39.0
1649924352 39.0
1649924353 39.0
1649924354 39.0
1649924355 39.0
1649924356 39.0
1649924357 39.0
1649924358 39.0
1649924359 39.0
1649924360 39.0
1649924361 39.0
1649924362 39.0
1649924363 39.0
1649924364 39.0
1649924365 39.0
1649924366 39.0
1649924367 39.0
1649924368 39.0
1649924369 39.0
1649924370 39.0
1649924371 39.0
1649924372 39.0
1649924373 39.0
1649924374 39.0
1649924375 39.0
1649924376 39.0
1649924377 39.0
1649924378 39.0
1649924379 39.0
1649924380 39.0
1649924381 39.0
1649924382 39.0
1649924383 39.0
1649924384 39.0
1649924385 39.0
1649924386 39.0
1649924387 39.0
1649924388 39.0
1649924389 39.0
1649924390 39.0
1649924391 39.0
1649924392 39.0
1649924393 39.0
1649924394 39.0
1649924395 39.0
1649924396 39.0
1649924397 39.0
1649924398 None
1649924399 None
1649924400 None
