1649353398 235.0
1649353399 235.0
1649353400 235.0
1649353401 235.0
1649353402 235.0
1649353403 235.0
1649353404 235.0
1649353405 235.0
1649353406 235.0
1649353407 235.0
1649353408 235.0
1649353409 235.0
1649353410 235.0
1649353411 235.0
1649353412 235.0
1649353413 235.0
1649353414 235.0
1649353415 235.0
1649353416 235.0
1649353417 235.0
1649353418 235.0
1649353419 235.0
1649353420 235.0
1649353421 235.0
1649353422 235.0
1649353423 235.0
1649353424 235.0
1649353425 235.0
1649353426 235.0
1649353427 235.0
1649353428 235.0
1649353429 235.0
1649353430 235.0
1649353431 235.0
1649353432 235.0
1649353433 235.0
1649353434 235.0
1649353435 235.0
1649353436 235.0
1649353437 235.0
1649353438 235.0
1649353439 235.0
1649353440 235.0
1649353441 235.0
1649353442 235.0
1649353443 235.0
1649353444 235.0
1649353445 235.0
1649353446 235.0
1649353447 235.0
1649353448 235.0
1649353449 235.0
1649353450 235.0
1649353451 235.0
1649353452 235.0
1649353453 235.0
1649353454 235.0
1649353455 235.0
1649353456 235.0
1649353457 235.0
1649353458 235.0
1649353459 235.0
1649353460 235.0
1649353461 235.0
1649353462 235.0
1649353463 235.0
1649353464 235.0
1649353465 235.0
1649353466 235.0
1649353467 235.0
1649353468 235.0
1649353469 235.0
1649353470 235.0
1649353471 235.0
1649353472 235.0
1649353473 235.0
1649353474 235.0
1649353475 235.0
1649353476 235.0
1649353477 235.0
1649353478 235.0
1649353479 235.0
1649353480 235.0
1649353481 235.0
1649353482 235.0
1649353483 235.0
1649353484 235.0
1649353485 235.0
1649353486 235.0
1649353487 235.0
1649353488 235.0
1649353489 235.0
1649353490 235.0
1649353491 235.0
1649353492 235.0
1649353493 235.0
1649353494 235.0
1649353495 235.0
1649353496 235.0
1649353497 235.0
1649353498 235.0
1649353499 235.0
1649353500 235.0
1649353501 235.0
1649353502 235.0
1649353503 235.0
1649353504 235.0
1649353505 235.0
1649353506 235.0
1649353507 235.0
1649353508 235.0
1649353509 235.0
1649353510 235.0
1649353511 235.0
1649353512 235.0
1649353513 235.0
1649353514 235.0
1649353515 None
1649353516 None
1649353517 None
