1649675561 18.0
1649675562 18.0
1649675563 18.0
1649675564 18.0
1649675565 18.0
1649675566 20.0
1649675567 23.0
1649675568 23.0
1649675569 25.0
1649675570 28.0
1649675571 32.0
1649675572 32.0
1649675573 35.0
1649675574 37.0
1649675575 37.0
1649675576 43.0
1649675577 46.0
1649675578 48.0
1649675579 48.0
1649675580 51.0
1649675581 54.0
1649675582 57.0
1649675583 57.0
1649675584 60.0
1649675585 63.0
1649675586 64.0
1649675587 64.0
1649675588 70.0
1649675589 71.0
1649675590 72.0
1649675591 72.0
1649675592 79.0
1649675593 79.0
1649675594 80.0
1649675595 80.0
1649675596 83.0
1649675597 84.0
1649675598 86.0
1649675599 86.0
1649675600 88.0
1649675601 90.0
1649675602 90.0
1649675603 92.0
1649675604 94.0
1649675605 96.0
1649675606 96.0
1649675607 100.0
1649675608 102.0
1649675609 103.0
1649675610 103.0
1649675611 105.0
1649675612 109.0
1649675613 109.0
1649675614 109.0
1649675615 111.0
1649675616 116.0
1649675617 116.0
1649675618 118.0
1649675619 118.0
1649675620 119.0
1649675621 119.0
1649675622 121.0
1649675623 123.0
1649675624 124.0
1649675625 124.0
1649675626 128.0
1649675627 130.0
1649675628 130.0
1649675629 130.0
1649675630 134.0
1649675631 137.0
1649675632 138.0
1649675633 138.0
1649675634 140.0
1649675635 142.0
1649675636 144.0
1649675637 144.0
1649675638 145.0
1649675639 146.0
1649675640 151.0
1649675641 151.0
1649675642 156.0
1649675643 158.0
1649675644 160.0
1649675645 160.0
1649675646 163.0
1649675647 164.0
1649675648 167.0
1649675649 167.0
1649675650 172.0
1649675651 174.0
1649675652 174.0
1649675653 177.0
1649675654 180.0
1649675655 183.0
1649675656 183.0
1649675657 186.0
1649675658 190.0
1649675659 191.0
1649675660 191.0
1649675661 195.0
1649675662 196.0
1649675663 198.0
1649675664 198.0
1649675665 199.0
1649675666 202.0
1649675667 204.0
1649675668 204.0
1649675669 204.0
1649675670 207.0
1649675671 207.0
1649675672 209.0
1649675673 212.0
1649675674 215.0
1649675675 215.0
1649675676 217.0
1649675677 217.0
1649675678 None
1649675679 None
1649675680 None
