1649415542 1141.0
1649415543 1141.0
1649415544 1141.0
1649415545 1141.0
1649415546 1141.0
1649415547 1141.0
1649415548 1141.0
1649415549 1141.0
1649415550 1141.0
1649415551 1141.0
1649415552 1141.0
1649415553 1141.0
1649415554 1141.0
1649415555 1141.0
1649415556 1141.0
1649415557 1141.0
1649415558 1141.0
1649415559 1141.0
1649415560 1141.0
1649415561 1141.0
1649415562 1141.0
1649415563 1141.0
1649415564 1141.0
1649415565 1141.0
1649415566 1141.0
1649415567 1141.0
1649415568 1141.0
1649415569 1141.0
1649415570 1141.0
1649415571 1141.0
1649415572 1141.0
1649415573 1141.0
1649415574 1141.0
1649415575 1141.0
1649415576 1141.0
1649415577 1141.0
1649415578 1141.0
1649415579 1141.0
1649415580 1141.0
1649415581 1141.0
1649415582 1141.0
1649415583 1141.0
1649415584 1141.0
1649415585 1141.0
1649415586 1141.0
1649415587 1141.0
1649415588 1141.0
1649415589 1141.0
1649415590 1141.0
1649415591 1141.0
1649415592 1141.0
1649415593 1141.0
1649415594 1141.0
1649415595 1141.0
1649415596 1141.0
1649415597 1141.0
1649415598 1141.0
1649415599 1141.0
1649415600 1141.0
1649415601 1141.0
1649415602 1141.0
1649415603 1141.0
1649415604 1141.0
1649415605 1141.0
1649415606 1141.0
1649415607 1141.0
1649415608 1141.0
1649415609 1141.0
1649415610 1141.0
1649415611 1141.0
1649415612 1141.0
1649415613 1141.0
1649415614 1141.0
1649415615 1141.0
1649415616 1141.0
1649415617 1141.0
1649415618 1141.0
1649415619 1141.0
1649415620 1141.0
1649415621 1141.0
1649415622 1141.0
1649415623 1141.0
1649415624 1141.0
1649415625 1141.0
1649415626 1141.0
1649415627 1141.0
1649415628 1141.0
1649415629 1141.0
1649415630 1141.0
1649415631 1141.0
1649415632 1141.0
1649415633 1141.0
1649415634 1141.0
1649415635 1141.0
1649415636 1141.0
1649415637 1141.0
1649415638 1141.0
1649415639 1141.0
1649415640 1141.0
1649415641 1141.0
1649415642 1141.0
1649415643 1141.0
1649415644 1141.0
1649415645 1141.0
1649415646 1141.0
1649415647 1141.0
1649415648 1141.0
1649415649 1141.0
1649415650 1141.0
1649415651 1141.0
1649415652 1141.0
1649415653 1141.0
1649415654 1141.0
1649415655 1141.0
1649415656 1141.0
1649415657 1141.0
1649415658 1141.0
1649415659 1141.0
1649415660 None
1649415661 None
